200 2000
42 68
135 101
170 125
79 159
163 65
106 146
82 28
162 92
196 143
28 37
192 5
103 154
93 183
22 117
119 96
48 127
172 139
70 113
68 100
36 95
104 12
123 134
74 65
142 112
54 69
148 45
63 158
38 60
124 142
130 179
117 36
191 43
89 107
41 143
65 49
47 6
91 130
171 151
7 102
194 149
30 24
85 155
157 41
167 177
132 109
145 40
27 124
138 139
119 83
130 142
34 116
40 59
105 131
178 107
74 187
22 146
125 73
71 30
178 174
98 113
187 91
162 37
156 168
56 175
32 53
142 125
167 31
108 192
8 138
58 88
154 184
146 110
10 159
22 189
23 147
107 31
14 169
101 192
163 56
11 160
25 138
149 84
196 42
3 151
92 37
175 21
197 22
149 200
69 85
82 135
54 200
19 139
101 189
128 68
129 94
49 84
8 22
111 18
14 115
110 17
136 52
1 50
120 157
199 104
25 9
45 10
190 103
196 86
94 144
124 188
115 104
49 1
59 19
181 197
199 82
190 199
10 158
73 23
139 93
39 180
191 58
159 192
16 89
157 112
3 35
73 56
129 47
163 87
76 34
70 143
45 17
123 52
22 100
158 77
93 190
76 113
1 111
4 70
62 89
2 190
56 24
3 186
183 86
89 27
18 158
33 133
170 155
122 190
177 130
169 93
26 156
35 150
42 113
146 61
119 154
140 24
80 197
88 130
150 38
67 150
194 196
98 17
87 106
89 83
56 135
115 102
117 72
187 64
114 156
186 54
113 9
33 146
114 157
122 159
47 183
82 145
197 23
130 162
136 51
174 67
45 60
93 40
54 25
155 111
146 50
187 114
75 23
169 19
188 106
3 26
78 15
115 25
135 75
173 160
34 71
88 98
119 178
174 71
164 69
193 186
103 81
14 28
3 100
128 26
144 125
24 173
62 182
4 33
106 194
126 32
93 143
23 87
65 101
188 161
14 175
71 171
36 34
112 161
97 68
86 151
141 95
96 25
20 126
177 95
59 103
172 67
79 194
52 85
19 65
120 153
1 88
61 127
11 158
171 116
177 28
44 159
165 110
83 87
166 88
178 75
26 28
30 129
24 121
103 163
124 197
138 62
196 126
65 61
3 117
31 127
12 172
12 148
154 121
191 125
189 164
141 52
63 30
101 114
159 179
166 8
78 1
104 161
158 125
78 109
114 88
2 51
61 29
194 185
6 141
112 105
36 157
73 151
24 86
157 17
27 158
127 158
138 72
70 162
97 23
18 113
118 97
186 42
24 130
30 166
160 133
97 56
54 163
185 135
55 173
58 170
133 164
8 84
112 36
68 49
76 139
24 143
155 112
142 176
60 26
22 71
27 135
6 184
51 199
80 102
194 135
38 135
157 194
177 106
163 149
82 101
14 42
143 63
12 78
25 79
153 44
97 74
41 114
76 73
19 11
18 133
113 96
170 32
41 89
86 91
98 190
191 146
154 115
45 59
136 160
193 6
65 182
104 30
176 9
93 198
150 157
162 28
68 142
130 41
2 78
16 84
14 193
25 2
193 160
71 29
28 85
76 187
99 171
88 48
5 104
22 64
107 164
11 172
90 41
165 143
20 114
192 105
19 33
151 6
176 140
104 23
99 48
185 49
172 65
114 76
146 113
147 79
170 63
120 186
90 145
66 141
46 109
119 71
2 124
133 73
153 88
171 164
102 104
24 128
1 170
16 166
29 144
148 89
144 38
10 64
50 82
189 143
9 61
22 159
155 89
147 91
150 44
31 21
149 68
137 184
36 27
186 39
54 30
25 149
124 160
58 167
145 156
119 127
12 26
156 2
150 97
185 116
143 197
149 73
27 7
174 30
5 106
27 13
176 94
166 37
137 142
15 195
57 53
137 39
83 156
16 132
31 42
38 187
91 51
63 35
94 154
17 53
9 63
34 55
104 35
104 57
149 125
118 14
110 29
1 81
119 59
51 156
162 65
104 77
44 110
103 162
90 149
83 54
75 21
3 124
79 60
9 20
172 4
146 182
105 193
86 114
99 190
123 139
38 11
62 35
109 162
160 94
116 70
138 70
59 101
118 16
156 16
131 40
13 89
83 155
86 111
85 175
181 16
152 142
116 80
111 99
74 189
178 133
157 90
114 9
142 191
124 164
29 185
179 1
72 86
175 72
134 68
154 96
169 26
77 30
110 94
87 81
117 50
68 129
80 65
22 6
27 17
117 127
67 88
82 165
141 87
22 63
122 65
110 16
103 74
146 163
24 132
7 69
119 3
82 13
137 31
115 10
85 157
91 94
197 153
55 146
109 49
92 113
132 115
40 159
123 105
196 53
70 80
39 24
119 67
60 99
87 197
63 34
159 23
147 193
38 126
48 59
3 8
99 31
93 1
79 200
153 49
83 141
116 176
163 168
137 198
19 98
29 52
17 31
50 126
59 30
121 141
161 148
76 193
162 155
199 147
115 147
189 170
39 64
76 116
122 76
16 129
35 171
106 65
158 163
162 125
150 70
131 124
151 134
126 111
138 137
138 79
194 37
115 165
192 150
136 106
138 5
138 24
65 171
9 169
82 86
153 174
53 195
77 27
197 173
50 41
175 20
144 12
142 90
20 166
6 186
17 51
16 10
65 167
94 75
110 101
96 174
190 162
173 169
159 32
69 27
111 23
175 180
111 153
183 192
96 165
75 165
103 56
61 75
173 22
123 148
178 190
6 196
195 151
144 155
73 40
29 113
9 16
109 24
160 35
5 87
120 159
146 7
167 101
168 93
188 133
157 175
48 22
84 23
132 177
184 149
124 183
19 177
21 112
183 57
91 126
125 87
78 170
44 135
78 69
69 192
197 184
29 128
27 72
98 13
104 28
9 146
109 186
39 38
44 114
102 51
129 112
51 150
193 55
70 82
66 68
114 194
35 73
173 31
102 43
178 78
171 103
165 182
191 24
38 24
180 196
170 128
43 111
183 59
127 88
71 129
52 59
14 61
184 87
143 11
73 129
35 42
119 104
139 82
58 151
15 199
59 62
64 157
8 79
90 36
166 76
34 161
131 49
129 93
34 41
167 136
11 200
38 93
183 129
153 170
45 195
9 53
48 33
136 9
65 98
44 50
16 42
190 101
13 49
124 52
75 34
92 1
55 191
98 120
181 179
132 145
141 88
100 126
84 139
93 194
53 12
161 35
41 98
186 130
192 193
11 150
179 180
172 78
74 194
21 98
191 183
179 160
19 90
160 50
181 9
168 9
78 104
171 8
197 75
123 12
20 162
57 91
164 84
117 133
53 142
155 14
63 197
61 16
105 200
137 81
199 33
188 185
41 118
7 71
42 83
50 124
159 106
22 96
97 117
79 179
180 59
178 151
8 130
82 196
79 77
154 100
185 166
94 9
173 44
130 115
169 56
192 174
123 149
52 187
145 47
178 118
30 117
75 192
147 94
92 16
150 58
41 53
37 152
88 27
163 156
184 195
181 98
114 62
79 141
46 171
176 90
151 150
134 66
15 83
8 33
97 168
123 83
11 42
32 188
106 80
122 139
152 48
9 47
77 160
190 23
67 87
56 29
15 61
54 178
149 104
62 32
83 56
198 107
153 22
97 82
22 56
148 125
119 136
177 175
60 199
75 54
123 36
44 89
154 33
148 81
127 79
162 200
56 164
117 174
162 46
74 75
151 154
182 88
100 111
44 66
173 130
182 113
77 182
48 91
72 6
173 33
190 121
166 32
59 94
7 179
149 7
172 167
197 98
21 95
130 189
110 185
170 179
18 16
27 85
169 107
129 98
119 191
200 186
87 200
21 111
72 14
16 86
119 181
132 68
188 45
187 108
161 28
75 32
153 72
69 94
86 138
112 5
78 7
169 23
14 1
143 138
39 189
156 90
48 182
94 185
188 162
94 18
102 83
48 66
154 105
85 96
126 22
73 107
57 144
194 81
81 69
12 114
169 52
17 80
169 41
132 134
180 64
60 54
137 96
166 75
121 36
81 177
56 126
72 9
160 157
3 33
106 41
176 163
86 163
81 37
198 3
109 81
141 77
141 147
75 174
98 81
136 73
1 108
156 67
142 189
82 169
116 197
26 10
13 137
44 143
22 123
113 49
118 115
170 96
104 41
180 200
106 192
62 82
53 154
34 30
188 43
54 84
21 15
119 45
64 30
53 65
170 71
6 48
195 88
127 77
124 141
80 191
189 111
72 146
184 190
156 179
180 7
63 136
88 197
34 89
136 180
194 191
163 166
2 106
8 168
70 135
72 58
199 146
198 19
39 45
173 164
29 65
91 5
2 28
172 164
102 164
122 166
22 46
11 96
142 23
13 152
16 56
194 139
80 83
9 55
23 108
46 139
145 91
140 155
5 24
26 79
125 182
131 134
24 195
131 47
188 46
6 17
151 90
139 164
136 98
10 31
25 109
138 75
121 173
94 56
135 162
57 7
185 76
183 120
142 33
85 180
80 84
68 37
126 119
138 29
120 178
138 92
157 196
61 102
194 33
137 181
76 108
185 75
120 191
77 42
152 130
91 175
73 192
190 188
91 40
94 54
64 82
104 6
177 80
96 140
69 199
84 40
116 22
194 27
123 39
29 182
200 179
92 24
144 35
103 108
103 142
88 147
92 38
17 91
163 136
127 11
78 183
61 190
106 75
64 123
196 167
161 39
189 12
46 68
26 68
190 143
64 148
103 18
100 24
27 4
49 52
171 37
59 168
57 6
132 163
20 176
157 132
96 45
192 4
189 116
51 120
184 134
176 43
170 101
155 79
186 58
134 94
91 104
151 34
123 72
12 191
139 42
153 59
80 103
84 191
3 169
23 96
162 143
195 100
189 179
43 158
142 48
70 146
181 114
165 111
62 186
74 105
63 104
103 70
155 130
153 75
150 131
50 119
66 164
71 132
148 112
70 199
99 104
153 80
54 44
123 89
164 35
51 23
41 112
93 52
181 78
17 77
179 21
16 149
199 180
36 58
84 63
103 63
21 171
23 74
42 87
89 118
118 93
99 68
150 66
190 133
20 82
4 131
29 32
190 153
65 8
96 29
82 91
11 178
72 37
60 44
38 94
31 75
194 183
4 62
91 63
108 198
152 24
91 118
167 84
62 60
46 187
52 166
2 41
10 98
84 51
59 22
176 182
188 72
88 200
105 180
139 101
131 62
119 6
141 29
60 23
199 161
99 136
82 15
168 94
197 162
147 139
71 139
77 156
118 172
161 153
159 34
56 66
127 2
74 193
194 134
138 104
91 12
95 69
28 99
190 49
80 48
150 132
70 76
199 50
37 200
124 44
132 155
186 168
17 194
105 67
154 109
24 85
193 68
49 70
131 12
15 91
28 144
5 200
75 196
107 159
190 59
10 90
48 41
19 165
176 27
90 104
67 13
41 171
77 196
42 187
52 110
188 84
86 191
51 87
156 182
129 103
78 63
25 166
73 33
86 29
47 90
79 84
126 66
61 46
179 22
56 121
128 174
135 52
76 137
135 2
138 111
175 191
157 72
81 136
146 83
26 119
174 113
38 199
106 163
140 48
147 104
32 116
30 46
195 200
46 73
76 63
73 174
81 39
98 143
9 4
78 126
79 183
170 137
79 140
27 64
78 176
101 162
63 3
49 96
85 17
138 108
194 85
145 60
44 69
78 120
58 42
92 65
24 116
73 130
42 116
16 137
158 160
101 53
94 42
30 49
28 199
25 125
75 134
86 39
171 63
30 85
110 79
124 86
1 25
13 166
78 185
105 191
35 92
22 86
135 191
143 199
87 19
22 25
198 177
55 70
109 128
167 103
39 1
20 119
91 185
140 157
9 33
79 15
188 40
28 155
189 42
199 43
3 122
105 147
57 110
34 109
162 134
186 143
43 61
162 21
144 179
188 114
64 192
135 16
57 162
13 12
160 52
139 171
125 108
8 185
152 102
90 159
42 191
14 13
56 61
94 73
3 77
144 174
67 52
76 129
133 162
70 104
130 108
154 193
171 120
73 8
95 106
41 184
63 10
8 39
161 72
172 55
148 115
124 30
90 167
88 157
33 71
140 67
123 84
161 154
106 92
60 187
88 30
43 118
46 157
189 53
155 67
120 32
139 68
177 99
115 121
54 8
70 17
123 43
8 64
61 148
194 31
118 44
177 115
27 118
135 21
172 193
165 155
67 94
65 176
1 13
101 152
77 180
144 78
186 73
35 145
162 164
89 109
158 31
124 65
75 147
38 182
119 12
93 192
33 124
62 192
99 170
180 118
137 68
29 54
110 174
182 104
170 17
84 168
82 168
111 67
88 172
78 46
165 39
72 48
116 193
112 58
6 54
172 181
141 131
76 121
191 178
199 187
5 90
32 145
189 11
119 120
60 128
10 120
80 117
101 197
54 59
7 50
55 73
161 95
55 134
147 30
72 29
160 42
22 89
167 34
86 71
130 62
183 163
107 79
180 98
88 139
70 184
141 196
67 34
110 158
118 135
54 136
59 194
44 94
67 152
138 175
152 96
18 93
131 14
97 111
190 29
10 187
145 41
183 170
121 194
93 163
15 128
8 195
106 114
94 65
4 196
163 182
147 110
49 169
25 112
155 36
128 34
41 63
128 178
18 141
143 101
1 159
77 155
136 31
32 96
123 128
30 12
12 155
81 54
94 122
186 129
44 1
156 72
71 53
176 32
41 135
41 187
35 49
140 166
197 113
63 53
132 188
65 158
49 157
171 51
183 102
94 100
133 45
132 76
5 51
27 67
139 2
24 44
42 181
60 164
29 130
89 55
14 180
170 67
80 178
38 3
116 93
124 73
49 124
154 149
196 198
12 194
66 182
3 11
29 57
106 166
24 170
116 54
6 85
79 146
86 101
169 195
34 86
149 82
33 57
111 73
107 36
61 72
128 138
144 169
34 196
143 12
80 35
113 194
131 162
35 59
127 107
192 44
189 28
120 85
25 94
36 25
95 183
68 28
6 147
87 190
141 38
51 160
179 157
78 4
43 101
144 196
17 16
5 7
169 42
126 114
24 113
19 58
197 140
87 95
47 44
123 112
81 56
159 48
71 191
74 128
14 55
97 73
51 42
42 47
126 14
25 130
96 4
195 194
68 188
41 80
42 126
135 61
22 93
94 118
118 4
40 12
126 29
179 149
51 93
45 55
24 154
37 148
147 27
62 105
39 172
87 6
100 57
152 20
192 167
118 47
94 188
22 113
45 98
2 129
143 105
42 97
63 121
26 20
185 175
185 60
150 15
96 104
33 52
138 15
164 52
20 91
118 84
119 185
53 187
138 198
25 169
28 149
72 70
94 78
15 105
85 144
96 12
94 93
199 191
100 91
150 175
115 174
70 19
66 34
39 112
53 64
109 150
89 46
32 121
107 72
169 22
59 158
48 183
124 107
107 190
157 146
152 124
119 151
98 37
192 7
111 14
52 81
45 144
142 46
179 150
106 115
186 28
25 5
157 118
28 156
103 87
69 99
180 12
91 176
11 133
90 97
151 113
123 130
73 37
78 154
177 71
86 53
152 198
152 2
36 94
73 117
117 129
112 126
39 97
140 145
57 27
103 159
187 109
178 29
180 148
150 81
46 129
63 27
92 48
186 32
7 85
110 157
66 17
61 98
136 191
78 50
189 76
144 178
131 88
54 1
155 90
9 111
141 200
55 105
38 86
100 193
83 184
138 34
1 65
84 58
169 111
169 109
42 133
38 85
100 102
57 93
41 88
13 11
21 36
64 16
98 78
175 135
154 134
79 87
25 135
76 150
113 185
25 193
105 23
56 114
63 74
85 161
123 54
198 23
151 138
118 7
132 198
106 37
158 200
91 99
186 48
85 193
126 197
139 143
29 196
143 38
107 168
54 194
106 147
10 125
55 66
40 7
10 93
100 176
37 62
48 19
14 128
113 97
110 42
131 91
35 116
87 124
67 145
137 38
17 94
150 172
45 178
86 1
130 9
142 26
117 71
185 148
129 137
5 101
124 165
12 41
51 105
142 71
46 107
89 57
108 67
58 79
200 75
156 192
191 33
59 197
168 108
35 47
40 27
96 107
115 151
187 80
177 23
13 77
165 158
171 39
113 145
162 181
57 62
9 91
53 180
19 20
8 85
148 178
76 14
110 172
43 140
137 22
102 35
130 159
37 70
98 105
199 3
106 39
33 66
117 82
180 24
128 172
114 183
141 17
89 120
190 114
60 52
72 84
13 185
160 102
175 134
60 115
50 196
123 142
17 178
53 166
92 139
111 168
56 188
25 23
40 42
49 5
35 169
42 73
69 175
177 138
34 42
146 19
16 175
53 47
157 125
167 182
135 97
77 28
6 19
92 42
66 192
72 60
101 18
17 144
25 65
106 158
103 67
76 47
33 190
47 146
4 153
102 127
154 185
50 151
26 171
137 196
194 124
133 57
97 11
177 93
151 91
151 116
161 185
130 135
51 83
7 137
185 191
18 183
67 117
189 26
102 11
51 183
22 194
39 155
194 96
168 21
146 84
66 97
34 191
40 184
18 130
154 80
53 146
62 152
119 164
14 108
18 12
30 65
167 132
143 99
123 156
188 58
159 65
163 111
147 66
181 166
98 43
65 195
185 71
116 1
7 107
103 97
34 12
68 16
46 176
155 49
120 80
189 122
193 198
198 110
53 72
59 123
60 198
200 100
37 185
113 116
154 86
142 200
45 170
82 80
109 8
60 107
50 76
27 125
8 175
85 129
147 146
82 115
150 169
139 108
194 105
106 98
18 156
42 144
134 98
80 137
156 34
155 131
53 105
80 89
71 155
73 177
102 16
87 32
81 176
61 115
139 58
191 39
43 19
71 32
62 20
182 191
34 73
164 103
122 99
48 146
7 23
87 195
84 148
41 86
138 54
169 131
56 67
59 113
57 119
2 143
77 107
103 85
24 71
113 51
76 112
51 196
89 121
102 184
199 93
63 144
59 60
72 17
42 84
177 117
99 40
84 6
198 147
170 76
118 188
43 136
190 174
81 74
178 187
182 186
123 146
