71 1501
0 1
0 3
0 5
0 7
0 9
0 11
0 13
0 15
0 17
0 19
0 21
0 23
0 25
0 27
0 29
0 31
0 33
0 35
0 37
0 39
0 41
0 43
1 0
1 2
1 4
1 6
1 8
1 10
1 12
1 14
1 16
1 18
1 20
1 22
1 24
1 26
1 28
1 30
1 32
1 34
1 36
1 38
1 40
1 42
2 1
2 3
2 5
2 7
2 9
2 11
2 13
2 15
2 17
2 19
2 21
2 23
2 25
2 27
2 29
2 31
2 33
2 35
2 37
2 39
2 41
2 43
3 0
3 2
3 4
3 6
3 8
3 10
3 12
3 14
3 16
3 18
3 20
3 22
3 24
3 26
3 28
3 30
3 32
3 34
3 36
3 38
3 40
3 42
4 1
4 3
4 5
4 7
4 9
4 11
4 13
4 15
4 17
4 19
4 21
4 23
4 25
4 27
4 29
4 31
4 33
4 35
4 37
4 39
4 41
4 43
5 0
5 2
5 4
5 6
5 8
5 10
5 12
5 14
5 16
5 18
5 20
5 22
5 24
5 26
5 28
5 30
5 32
5 34
5 36
5 38
5 40
5 42
6 1
6 3
6 5
6 7
6 9
6 11
6 13
6 15
6 17
6 19
6 21
6 23
6 25
6 27
6 29
6 31
6 33
6 35
6 37
6 39
6 41
6 43
7 0
7 2
7 4
7 6
7 8
7 10
7 12
7 14
7 16
7 18
7 20
7 22
7 24
7 26
7 28
7 30
7 32
7 34
7 36
7 38
7 40
7 42
8 1
8 3
8 5
8 7
8 9
8 11
8 13
8 15
8 17
8 19
8 21
8 23
8 25
8 27
8 29
8 31
8 33
8 35
8 37
8 39
8 41
8 43
9 0
9 2
9 4
9 6
9 8
9 10
9 12
9 14
9 16
9 18
9 20
9 22
9 24
9 26
9 28
9 30
9 32
9 34
9 36
9 38
9 40
9 42
10 1
10 3
10 5
10 7
10 9
10 11
10 13
10 15
10 17
10 19
10 21
10 23
10 25
10 27
10 29
10 31
10 33
10 35
10 37
10 39
10 41
10 43
11 0
11 2
11 4
11 6
11 8
11 10
11 12
11 14
11 16
11 18
11 20
11 22
11 24
11 26
11 28
11 30
11 32
11 34
11 36
11 38
11 40
11 42
12 1
12 3
12 5
12 7
12 9
12 11
12 13
12 15
12 17
12 19
12 21
12 23
12 25
12 27
12 29
12 31
12 33
12 35
12 37
12 39
12 41
12 43
13 0
13 2
13 4
13 6
13 8
13 10
13 12
13 14
13 16
13 18
13 20
13 22
13 24
13 26
13 28
13 30
13 32
13 34
13 36
13 38
13 40
13 42
14 1
14 3
14 5
14 7
14 9
14 11
14 13
14 15
14 17
14 19
14 21
14 23
14 25
14 27
14 29
14 31
14 33
14 35
14 37
14 39
14 41
14 43
15 0
15 2
15 4
15 6
15 8
15 10
15 12
15 14
15 16
15 18
15 20
15 22
15 24
15 26
15 28
15 30
15 32
15 34
15 36
15 38
15 40
15 42
16 1
16 3
16 5
16 7
16 9
16 11
16 13
16 15
16 17
16 19
16 21
16 23
16 25
16 27
16 29
16 31
16 33
16 35
16 37
16 39
16 41
16 43
17 0
17 2
17 4
17 6
17 8
17 10
17 12
17 14
17 16
17 18
17 20
17 22
17 24
17 26
17 28
17 30
17 32
17 34
17 36
17 38
17 40
17 42
18 1
18 3
18 5
18 7
18 9
18 11
18 13
18 15
18 17
18 19
18 21
18 23
18 25
18 27
18 29
18 31
18 33
18 35
18 37
18 39
18 41
18 43
19 0
19 2
19 4
19 6
19 8
19 10
19 12
19 14
19 16
19 18
19 20
19 22
19 24
19 26
19 28
19 30
19 32
19 34
19 36
19 38
19 40
19 42
20 1
20 3
20 5
20 7
20 9
20 11
20 13
20 15
20 17
20 19
20 21
20 23
20 25
20 27
20 29
20 31
20 33
20 35
20 37
20 39
20 41
20 43
21 0
21 2
21 4
21 6
21 8
21 10
21 12
21 14
21 16
21 18
21 20
21 22
21 24
21 26
21 28
21 30
21 32
21 34
21 36
21 38
21 40
21 42
22 1
22 3
22 5
22 7
22 9
22 11
22 13
22 15
22 17
22 19
22 21
22 23
22 25
22 27
22 29
22 31
22 33
22 35
22 37
22 39
22 41
22 43
23 0
23 2
23 4
23 6
23 8
23 10
23 12
23 14
23 16
23 18
23 20
23 22
23 24
23 26
23 28
23 30
23 32
23 34
23 36
23 38
23 40
23 42
24 1
24 3
24 5
24 7
24 9
24 11
24 13
24 15
24 17
24 19
24 21
24 23
24 25
24 27
24 29
24 31
24 33
24 35
24 37
24 39
24 41
24 43
25 0
25 2
25 4
25 6
25 8
25 10
25 12
25 14
25 16
25 18
25 20
25 22
25 24
25 26
25 28
25 30
25 32
25 34
25 36
25 38
25 40
25 42
26 1
26 3
26 5
26 7
26 9
26 11
26 13
26 15
26 17
26 19
26 21
26 23
26 25
26 27
26 29
26 31
26 33
26 35
26 37
26 39
26 41
26 43
27 0
27 2
27 4
27 6
27 8
27 10
27 12
27 14
27 16
27 18
27 20
27 22
27 24
27 26
27 28
27 30
27 32
27 34
27 36
27 38
27 40
27 42
28 1
28 3
28 5
28 7
28 9
28 11
28 13
28 15
28 17
28 19
28 21
28 23
28 25
28 27
28 29
28 31
28 33
28 35
28 37
28 39
28 41
28 43
29 0
29 2
29 4
29 6
29 8
29 10
29 12
29 14
29 16
29 18
29 20
29 22
29 24
29 26
29 28
29 30
29 32
29 34
29 36
29 38
29 40
29 42
30 1
30 3
30 5
30 7
30 9
30 11
30 13
30 15
30 17
30 19
30 21
30 23
30 25
30 27
30 29
30 31
30 33
30 35
30 37
30 39
30 41
30 43
31 0
31 2
31 4
31 6
31 8
31 10
31 12
31 14
31 16
31 18
31 20
31 22
31 24
31 26
31 28
31 30
31 32
31 34
31 36
31 38
31 40
31 42
32 1
32 3
32 5
32 7
32 9
32 11
32 13
32 15
32 17
32 19
32 21
32 23
32 25
32 27
32 29
32 31
32 33
32 35
32 37
32 39
32 41
32 43
33 0
33 2
33 4
33 6
33 8
33 10
33 12
33 14
33 16
33 18
33 20
33 22
33 24
33 26
33 28
33 30
33 32
33 34
33 36
33 38
33 40
33 42
34 1
34 3
34 5
34 7
34 9
34 11
34 13
34 15
34 17
34 19
34 21
34 23
34 25
34 27
34 29
34 31
34 33
34 35
34 37
34 39
34 41
34 43
35 0
35 2
35 4
35 6
35 8
35 10
35 12
35 14
35 16
35 18
35 20
35 22
35 24
35 26
35 28
35 30
35 32
35 34
35 36
35 38
35 40
35 42
36 1
36 3
36 5
36 7
36 9
36 11
36 13
36 15
36 17
36 19
36 21
36 23
36 25
36 27
36 29
36 31
36 33
36 35
36 37
36 39
36 41
36 43
37 0
37 2
37 4
37 6
37 8
37 10
37 12
37 14
37 16
37 18
37 20
37 22
37 24
37 26
37 28
37 30
37 32
37 34
37 36
37 38
37 40
37 42
38 1
38 3
38 5
38 7
38 9
38 11
38 13
38 15
38 17
38 19
38 21
38 23
38 25
38 27
38 29
38 31
38 33
38 35
38 37
38 39
38 41
38 43
39 0
39 2
39 4
39 6
39 8
39 10
39 12
39 14
39 16
39 18
39 20
39 22
39 24
39 26
39 28
39 30
39 32
39 34
39 36
39 38
39 40
39 42
40 1
40 3
40 5
40 7
40 9
40 11
40 13
40 15
40 17
40 19
40 21
40 23
40 25
40 27
40 29
40 31
40 33
40 35
40 37
40 39
40 41
40 43
41 0
41 2
41 4
41 6
41 8
41 10
41 12
41 14
41 16
41 18
41 20
41 22
41 24
41 26
41 28
41 30
41 32
41 34
41 36
41 38
41 40
41 42
42 1
42 3
42 5
42 7
42 9
42 11
42 13
42 15
42 17
42 19
42 21
42 23
42 25
42 27
42 29
42 31
42 33
42 35
42 37
42 39
42 41
42 43
43 0
43 2
43 4
43 6
43 8
43 10
43 12
43 14
43 16
43 18
43 20
43 22
43 24
43 26
43 28
43 30
43 32
43 34
43 36
43 38
43 40
43 42
44 1
44 3
44 5
44 7
44 9
44 11
44 13
44 15
44 17
44 19
44 21
44 23
44 25
44 27
44 29
44 31
44 33
44 35
44 37
44 39
44 41
44 43
45 0
45 2
45 4
45 6
45 8
45 10
45 12
45 14
45 16
45 18
45 20
45 22
45 24
45 26
45 28
45 30
45 32
45 34
45 36
45 38
45 40
45 42
46 1
46 3
46 5
46 7
46 9
46 11
46 13
46 15
46 17
46 19
46 21
46 23
46 25
46 27
46 29
46 31
46 33
46 35
46 37
46 39
46 41
46 43
47 0
47 2
47 4
47 6
47 8
47 10
47 12
47 14
47 16
47 18
47 20
47 22
47 24
47 26
47 28
47 30
47 32
47 34
47 36
47 38
47 40
47 42
48 1
48 3
48 5
48 7
48 9
48 11
48 13
48 15
48 17
48 19
48 21
48 23
48 25
48 27
48 29
48 31
48 33
48 35
48 37
48 39
48 41
48 43
49 0
49 2
49 4
49 6
49 8
49 10
49 12
49 14
49 16
49 18
49 20
49 22
49 24
49 26
49 28
49 30
49 32
49 34
49 36
49 38
49 40
49 42
50 1
50 3
50 5
50 7
50 9
50 11
50 13
50 15
50 17
50 19
50 21
50 23
50 25
50 27
50 29
50 31
50 33
50 35
50 37
50 39
50 41
50 43
51 0
51 2
51 4
51 6
51 8
51 10
51 12
51 14
51 16
51 18
51 20
51 22
51 24
51 26
51 28
51 30
51 32
51 34
51 36
51 38
51 40
51 42
52 1
52 3
52 5
52 7
52 9
52 11
52 13
52 15
52 17
52 19
52 21
52 23
52 25
52 27
52 29
52 31
52 33
52 35
52 37
52 39
52 41
52 43
53 0
53 2
53 4
53 6
53 8
53 10
53 12
53 14
53 16
53 18
53 20
53 22
53 24
53 26
53 28
53 30
53 32
53 34
53 36
53 38
53 40
53 42
54 1
54 3
54 5
54 7
54 9
54 11
54 13
54 15
54 17
54 19
54 21
54 23
54 25
54 27
54 29
54 31
54 33
54 35
54 37
54 39
54 41
54 43
55 0
55 2
55 4
55 6
55 8
55 10
55 12
55 14
55 16
55 18
55 20
55 22
55 24
55 26
55 28
55 30
55 32
55 34
55 36
55 38
55 40
55 42
56 1
56 3
56 5
56 7
56 9
56 11
56 13
56 15
56 17
56 19
56 21
56 23
56 25
56 27
56 29
56 31
56 33
56 35
56 37
56 39
56 41
56 43
57 0
57 2
57 4
57 6
57 8
57 10
57 12
57 14
57 16
57 18
57 20
57 22
57 24
57 26
57 28
57 30
57 32
57 34
57 36
57 38
57 40
57 42
58 1
58 3
58 5
58 7
58 9
58 11
58 13
58 15
58 17
58 19
58 21
58 23
58 25
58 27
58 29
58 31
58 33
58 35
58 37
58 39
58 41
58 43
59 0
59 2
59 4
59 6
59 8
59 10
59 12
59 14
59 16
59 18
59 20
59 22
59 24
59 26
59 28
59 30
59 32
59 34
59 36
59 38
59 40
59 42
60 1
60 3
60 5
60 7
60 9
60 11
60 13
60 15
60 17
60 19
60 21
60 23
60 25
60 27
60 29
60 31
60 33
60 35
60 37
60 39
60 41
60 43
61 0
61 2
61 4
61 6
61 8
61 10
61 12
61 14
61 16
61 18
61 20
61 22
61 24
61 26
61 28
61 30
61 32
61 34
61 36
61 38
61 40
61 42
62 1
62 3
62 5
62 7
62 9
62 11
62 13
62 15
62 17
62 19
62 21
62 23
62 25
62 27
62 29
62 31
62 33
62 35
62 37
62 39
62 41
62 43
63 0
63 2
63 4
63 6
63 8
63 10
63 12
63 14
63 16
63 18
63 20
63 22
63 24
63 26
63 28
63 30
63 32
63 34
63 36
63 38
63 40
63 42
64 1
64 3
64 5
64 7
64 9
64 11
64 13
64 15
64 17
64 19
64 21
64 23
64 25
64 27
64 29
64 31
64 33
64 35
64 37
64 39
64 41
64 43
65 0
65 2
65 4
65 6
65 8
65 10
65 12
65 14
65 16
65 18
65 20
65 22
65 24
65 26
65 28
65 30
65 32
65 34
65 36
65 38
65 40
65 42
66 1
66 3
66 5
66 7
66 9
66 11
66 13
66 15
66 17
66 19
66 21
66 23
66 25
66 27
66 29
66 31
66 33
66 35
66 37
66 39
66 41
66 43
67 0
67 2
67 4
67 6
67 8
67 10
67 12
67 14
67 16
67 18
67 20
67 22
67 24
67 26
67 28
67 30
67 32
67 34
67 36
67 38
67 40
67 42
68 1
68 3
68 5
68 7
68 9
