   4.8200824e-01   9.2083333e-02   4.2590842e-01
   1.7528571e-01   1.0888492e-01   7.1582937e-01
   7.9390967e-01   7.8290793e-02   1.2779953e-01
   9.9805983e-01   1.9401709e-03   0.0000000e+00
   9.0668556e-01   4.2886780e-02   5.0427656e-02
   7.2308333e-01   1.5993056e-01   1.1698611e-01
   3.6338889e-01   1.1056349e-01   5.2604762e-01
   3.3337302e-01   1.3530952e-01   5.3131746e-01
   4.9261111e-01   1.3619444e-01   3.7119444e-01
   4.4142857e-01   2.7634524e-01   2.8222619e-01
   7.6447583e-01   1.3046465e-01   1.0505952e-01
   7.6619139e-01   9.0332418e-02   1.4347619e-01
   1.6819048e-01   1.5566667e-01   6.7614286e-01
   3.3571429e-01   3.2483333e-01   3.3945238e-01
   3.1357143e-01   2.1000000e-01   4.7642857e-01
   2.5512124e-01   5.2044414e-02   6.9283435e-01
   2.1525214e-01   6.0871795e-02   7.2387607e-01
   4.6670833e-01   2.8479167e-01   2.4850000e-01
   1.6708333e-01   3.4381746e-01   4.8909921e-01
   7.1004582e-01   1.5369823e-01   1.3625595e-01
   1.9370040e-01   4.8888889e-02   7.5741071e-01
   1.0000000e-02   1.3750000e-02   9.7625000e-01
   7.0000000e-02   8.3333333e-03   9.2166667e-01
   3.7500000e-02   8.5000000e-03   9.5400000e-01
   9.6995238e-01   2.5047619e-02   5.0000000e-03
   5.5682937e-01   1.5212500e-01   2.9104563e-01
   3.4958333e-01   1.4056548e-01   5.0985119e-01
   9.0964286e-01   1.0357143e-02   8.0000000e-02
   3.4432738e-01   1.3381548e-01   5.2185714e-01
   6.2083333e-02   7.2083333e-02   8.6583333e-01
   6.4732143e-01   9.1250000e-02   2.6142857e-01
   9.5286111e-01   2.7138889e-02   2.0000000e-02
   8.2648593e-01   7.7179744e-02   9.6334325e-02
   8.1042002e-01   9.4163309e-02   9.5416667e-02
   6.2777778e-01   1.8055556e-01   1.9166667e-01
   4.2905646e-01   1.9659776e-01   3.7434578e-01
   3.9148449e-01   1.5405357e-01   4.5446194e-01
   4.3916667e-01   1.5083333e-01   4.1000000e-01
   2.7733333e-01   1.4083333e-01   5.8183333e-01
   5.1458333e-02   3.4541667e-02   9.1400000e-01
   7.9046703e-01   6.0782967e-02   1.4875000e-01
   5.4346118e-01   8.7302350e-02   3.6923647e-01
   4.2290858e-01   2.9981095e-01   2.7728047e-01
   4.2510408e-01   3.1316071e-01   2.6173521e-01
   1.8875000e-01   1.0675000e-01   7.0450000e-01
   3.0083333e-01   6.8333333e-02   6.3083333e-01
   5.0736688e-01   8.3000000e-02   4.0963312e-01
   7.3216267e-01   1.1206810e-01   1.5576923e-01
   5.7579151e-01   1.3808045e-01   2.8612804e-01
   4.9235714e-01   1.7614286e-01   3.3150000e-01
   4.0625737e-01   1.8539286e-01   4.0834977e-01
   4.9299603e-01   1.2720238e-01   3.7980159e-01
   4.9912218e-01   2.1423985e-01   2.8663797e-01
   6.4991667e-01   1.3083333e-01   2.1925000e-01
   3.9700000e-01   1.4425000e-01   4.5875000e-01
   3.3644390e-01   3.4274026e-01   3.2081584e-01
   3.8827976e-01   9.6625000e-02   5.1509524e-01
   2.1202976e-01   6.0333333e-02   7.2763690e-01
   4.2194318e-01   2.3905682e-01   3.3900000e-01
   3.5734307e-01   1.3647078e-01   5.0618615e-01
   2.1383333e-01   2.1160714e-01   5.7455952e-01
   2.3922619e-01   1.5190476e-01   6.0886905e-01
   4.2470635e-01   2.5466270e-01   3.2063095e-01
   3.8058333e-01   1.3545455e-01   4.8396212e-01
   1.9134524e-01   1.4066667e-01   6.6798810e-01
   7.9390967e-01   7.8290793e-02   1.2779953e-01
   9.9805983e-01   1.9401709e-03   0.0000000e+00
   9.0668556e-01   4.2886780e-02   5.0427656e-02
   7.5031890e-01   1.3970256e-01   1.0997854e-01
   2.6508333e-01   1.2733333e-01   6.0758333e-01
   2.3142857e-01   1.5005952e-01   6.1851190e-01
   4.9180556e-01   1.8152778e-01   3.2666667e-01
   4.4142857e-01   2.7634524e-01   2.8222619e-01
   7.6447583e-01   1.3046465e-01   1.0505952e-01
   7.6619139e-01   9.0332418e-02   1.4347619e-01
   1.3805556e-01   1.7750000e-01   6.8444444e-01
   3.8784235e-01   2.6386797e-01   3.4828968e-01
   3.1357143e-01   2.1000000e-01   4.7642857e-01
   2.5512124e-01   5.2044414e-02   6.9283435e-01
   2.1525214e-01   6.0871795e-02   7.2387607e-01
   5.2018019e-01   2.2786310e-01   2.5195671e-01
   1.6708333e-01   3.4381746e-01   4.8909921e-01
   7.1004582e-01   1.5369823e-01   1.3625595e-01
   2.5381944e-01   8.0339286e-02   6.6584127e-01
   5.0000000e-03   2.4166667e-02   9.7083333e-01
   4.5000000e-02   1.0000000e-02   9.4500000e-01
   3.7500000e-02   8.5000000e-03   9.5400000e-01
   9.6995238e-01   2.5047619e-02   5.0000000e-03
   5.5682937e-01   1.5212500e-01   2.9104563e-01
   3.8875000e-01   1.7508929e-01   4.3616071e-01
   8.9781962e-01   4.9112193e-02   5.3068182e-02
   3.4432738e-01   1.3381548e-01   5.2185714e-01
   7.4464286e-02   1.2685714e-01   7.9867857e-01
   6.4732143e-01   9.1250000e-02   2.6142857e-01
   9.5286111e-01   2.7138889e-02   2.0000000e-02
   8.2648593e-01   7.7179744e-02   9.6334325e-02
   8.1042002e-01   9.4163309e-02   9.5416667e-02
   6.2777778e-01   1.8055556e-01   1.9166667e-01
   5.5737392e-01   1.3432792e-01   3.0829816e-01
   4.1912500e-01   1.6938690e-01   4.1148810e-01
   4.2916667e-01   1.7833333e-01   3.9250000e-01
   3.2316667e-01   1.1666667e-01   5.6016667e-01
   5.1458333e-02   3.4541667e-02   9.1400000e-01
   7.9046703e-01   6.0782967e-02   1.4875000e-01
   5.4346118e-01   8.7302350e-02   3.6923647e-01
   4.2290858e-01   2.9981095e-01   2.7728047e-01
   4.2510408e-01   3.1316071e-01   2.6173521e-01
   1.8875000e-01   1.0675000e-01   7.0450000e-01
   3.0083333e-01   6.8333333e-02   6.3083333e-01
   5.3319048e-01   1.0008333e-01   3.6672619e-01
   7.2997815e-01   1.0737762e-01   1.6264423e-01
   5.7579151e-01   1.3808045e-01   2.8612804e-01
   4.9003571e-01   1.7346429e-01   3.3650000e-01
   2.9226190e-01   8.3916667e-02   6.2382143e-01
   4.6866377e-01   1.5645772e-01   3.7487851e-01
   4.9912218e-01   2.1423985e-01   2.8663797e-01
   6.4991667e-01   1.3083333e-01   2.1925000e-01
   3.6595238e-01   1.6072619e-01   4.7332143e-01
   3.3644390e-01   3.4274026e-01   3.2081584e-01
   3.6001786e-01   9.9125000e-02   5.4085714e-01
   2.1202976e-01   6.0333333e-02   7.2763690e-01
   4.0154167e-01   2.3612500e-01   3.6233333e-01
   3.6538528e-01   1.7951190e-01   4.5510281e-01
   2.1383333e-01   2.1160714e-01   5.7455952e-01
   2.2117063e-01   1.5321429e-01   6.2561508e-01
   4.5198810e-01   2.4904762e-01   2.9896429e-01
   4.5655952e-01   1.0125000e-01   4.4219048e-01
   1.8451389e-01   1.3105159e-01   6.8443452e-01
   7.9390967e-01   7.8290793e-02   1.2779953e-01
   9.9805983e-01   1.9401709e-03   0.0000000e+00
   9.0668556e-01   4.2886780e-02   5.0427656e-02
   7.2308333e-01   1.5993056e-01   1.1698611e-01
   2.8055556e-01   1.2658333e-01   5.9286111e-01
   2.9545635e-01   1.3672619e-01   5.6781746e-01
   4.8293269e-01   1.4041667e-01   3.7665064e-01
   4.4142857e-01   2.7634524e-01   2.8222619e-01
   7.6447583e-01   1.3046465e-01   1.0505952e-01
   7.6619139e-01   9.0332418e-02   1.4347619e-01
   1.4388889e-01   1.8041667e-01   6.7569444e-01
   3.5878571e-01   3.1233333e-01   3.2888095e-01
   3.1711310e-01   2.0350000e-01   4.7938690e-01
   2.5512124e-01   5.2044414e-02   6.9283435e-01
   2.1525214e-01   6.0871795e-02   7.2387607e-01
   5.2018019e-01   2.2786310e-01   2.5195671e-01
   1.6708333e-01   3.4381746e-01   4.8909921e-01
   7.1004582e-01   1.5369823e-01   1.3625595e-01
   1.9370040e-01   4.8888889e-02   7.5741071e-01
   5.0000000e-03   2.4166667e-02   9.7083333e-01
   6.0000000e-02   2.0000000e-02   9.2000000e-01
   3.7500000e-02   8.5000000e-03   9.5400000e-01
   9.6995238e-01   2.5047619e-02   5.0000000e-03
   5.4816270e-01   1.6512500e-01   2.8671230e-01
   3.7158333e-01   1.6196429e-01   4.6645238e-01
   9.0964286e-01   1.0357143e-02   8.0000000e-02
   3.9376786e-01   1.3612500e-01   4.7010714e-01
   6.2083333e-02   7.2083333e-02   8.6583333e-01
   6.5496245e-01   7.0833333e-02   2.7420421e-01
   9.5286111e-01   2.7138889e-02   2.0000000e-02
   8.2648593e-01   7.7179744e-02   9.6334325e-02
   8.1042002e-01   9.4163309e-02   9.5416667e-02
   6.2777778e-01   1.8055556e-01   1.9166667e-01
   4.8002273e-01   1.6593506e-01   3.5404221e-01
   4.1912500e-01   1.6938690e-01   4.1148810e-01
   2.6148810e-01   1.8441667e-01   5.5409524e-01
   3.2316667e-01   1.1666667e-01   5.6016667e-01
   5.1458333e-02   3.4541667e-02   9.1400000e-01
   8.3055556e-01   4.4444444e-02   1.2500000e-01
   5.4346118e-01   8.7302350e-02   3.6923647e-01
   4.2290858e-01   2.9981095e-01   2.7728047e-01
   4.2510408e-01   3.1316071e-01   2.6173521e-01
   2.3013258e-01   1.0852219e-01   6.6134524e-01
   2.4900000e-01   7.0583333e-02   6.8041667e-01
   5.0736688e-01   8.3000000e-02   4.0963312e-01
   7.2854859e-01   1.1443218e-01   1.5701923e-01
   5.7579151e-01   1.3808045e-01   2.8612804e-01
   4.9003571e-01   1.7346429e-01   3.3650000e-01
   2.9226190e-01   8.3916667e-02   6.2382143e-01
   4.9299603e-01   1.2720238e-01   3.7980159e-01
   4.9912218e-01   2.1423985e-01   2.8663797e-01
   6.4991667e-01   1.3083333e-01   2.1925000e-01
   3.6595238e-01   1.6072619e-01   4.7332143e-01
   3.3644390e-01   3.4274026e-01   3.2081584e-01
   3.8827976e-01   9.6625000e-02   5.1509524e-01
   2.1202976e-01   6.0333333e-02   7.2763690e-01
   3.2940152e-01   2.0843182e-01   4.6216667e-01
   3.2894481e-01   1.9136905e-01   4.7968615e-01
   2.1383333e-01   2.1160714e-01   5.7455952e-01
   2.2117063e-01   1.5321429e-01   6.2561508e-01
   4.3216071e-01   1.2508929e-01   4.4275000e-01
   4.4422619e-01   1.0708333e-01   4.4869048e-01
   1.7528571e-01   1.0888492e-01   7.1582937e-01
   7.9390967e-01   7.8290793e-02   1.2779953e-01
   9.9805983e-01   1.9401709e-03   0.0000000e+00
   9.0668556e-01   4.2886780e-02   5.0427656e-02
   6.0095833e-01   2.1397222e-01   1.8506944e-01
   3.6338889e-01   1.1056349e-01   5.2604762e-01
   2.9545635e-01   1.3672619e-01   5.6781746e-01
   4.9261111e-01   1.3619444e-01   3.7119444e-01
   4.4142857e-01   2.7634524e-01   2.8222619e-01
   7.6447583e-01   1.3046465e-01   1.0505952e-01
   7.6619139e-01   9.0332418e-02   1.4347619e-01
   1.6819048e-01   1.5566667e-01   6.7614286e-01
   4.5900397e-01   2.2190079e-01   3.1909524e-01
   3.1357143e-01   2.1000000e-01   4.7642857e-01
   2.5512124e-01   5.2044414e-02   6.9283435e-01
   2.1525214e-01   6.0871795e-02   7.2387607e-01
   5.2018019e-01   2.2786310e-01   2.5195671e-01
   1.6708333e-01   3.4381746e-01   4.8909921e-01
   7.1004582e-01   1.5369823e-01   1.3625595e-01
   1.9370040e-01   4.8888889e-02   7.5741071e-01
   9.5454545e-03   1.5000000e-02   9.7545455e-01
   5.3333333e-02   5.0000000e-03   9.4166667e-01
   3.7500000e-02   8.5000000e-03   9.5400000e-01
   9.8277056e-01   7.2294372e-03   1.0000000e-02
   5.5682937e-01   1.5212500e-01   2.9104563e-01
   3.4958333e-01   1.4056548e-01   5.0985119e-01
   8.9781962e-01   4.9112193e-02   5.3068182e-02
   3.7403175e-01   1.0210714e-01   5.2386111e-01
   6.3333333e-02   6.0416667e-02   8.7625000e-01
   6.5496245e-01   7.0833333e-02   2.7420421e-01
   9.5286111e-01   2.7138889e-02   2.0000000e-02
   8.9537013e-01   4.6351551e-02   5.8278319e-02
   8.1042002e-01   9.4163309e-02   9.5416667e-02
   7.7446338e-01   1.1183586e-01   1.1370076e-01
   4.8002273e-01   1.6593506e-01   3.5404221e-01
   3.9148449e-01   1.5405357e-01   4.5446194e-01
   4.2866667e-01   1.5533333e-01   4.1600000e-01
   2.7733333e-01   1.4083333e-01   5.8183333e-01
   2.6458333e-02   2.9541667e-02   9.4400000e-01
   7.9046703e-01   6.0782967e-02   1.4875000e-01
   5.4346118e-01   8.7302350e-02   3.6923647e-01
   4.2290858e-01   2.9981095e-01   2.7728047e-01
   4.2510408e-01   3.1316071e-01   2.6173521e-01
   1.8875000e-01   1.0675000e-01   7.0450000e-01
   3.0083333e-01   6.8333333e-02   6.3083333e-01
   5.5992424e-01   8.5075758e-02   3.5500000e-01
   6.9645434e-01   1.0694310e-01   1.9660256e-01
   3.5845238e-01   7.9880952e-02   5.6166667e-01
   4.4311905e-01   1.6121429e-01   3.9566667e-01
   2.6475000e-01   1.1450000e-01   6.2075000e-01
   4.6116270e-01   1.3353571e-01   4.0530159e-01
   4.9912218e-01   2.1423985e-01   2.8663797e-01
   5.8266667e-01   1.3083333e-01   2.8650000e-01
   3.1879167e-01   1.3370833e-01   5.4750000e-01
   1.6825758e-01   1.9195455e-01   6.3978788e-01
   3.8020833e-01   7.6625000e-02   5.4316667e-01
   2.1202976e-01   6.0333333e-02   7.2763690e-01
   4.0068434e-01   2.4409343e-01   3.5522222e-01
   3.5573052e-01   9.6333333e-02   5.4793615e-01
   2.7483333e-01   2.0152381e-01   5.2364286e-01
   2.2117063e-01   1.5321429e-01   6.2561508e-01
   3.6944048e-01   2.5755952e-01   3.7300000e-01
   4.5655952e-01   1.0125000e-01   4.4219048e-01
   1.8451389e-01   1.3105159e-01   6.8443452e-01
   7.9390967e-01   7.8290793e-02   1.2779953e-01
   9.9805983e-01   1.9401709e-03   0.0000000e+00
   9.0668556e-01   4.2886780e-02   5.0427656e-02
   5.8548413e-01   2.0273611e-01   2.1177976e-01
   3.6338889e-01   1.1056349e-01   5.2604762e-01
   2.9545635e-01   1.3672619e-01   5.6781746e-01
   4.9180556e-01   1.8152778e-01   3.2666667e-01
   4.4142857e-01   2.7634524e-01   2.8222619e-01
   7.6447583e-01   1.3046465e-01   1.0505952e-01
   7.6619139e-01   9.0332418e-02   1.4347619e-01
   1.6819048e-01   1.5566667e-01   6.7614286e-01
   3.5878571e-01   3.1233333e-01   3.2888095e-01
   3.1357143e-01   2.1000000e-01   4.7642857e-01
   2.5512124e-01   5.2044414e-02   6.9283435e-01
   2.1525214e-01   6.0871795e-02   7.2387607e-01
   5.2018019e-01   2.2786310e-01   2.5195671e-01
   1.6708333e-01   3.4381746e-01   4.8909921e-01
   7.1004582e-01   1.5369823e-01   1.3625595e-01
   2.1409434e-01   6.1388889e-02   7.2451677e-01
   1.0000000e-02   1.0833333e-02   9.7916667e-01
   5.3333333e-02   5.0000000e-03   9.4166667e-01
   3.7500000e-02   8.5000000e-03   9.5400000e-01
   9.6995238e-01   2.5047619e-02   5.0000000e-03
   5.5682937e-01   1.5212500e-01   2.9104563e-01
   3.4958333e-01   1.4056548e-01   5.0985119e-01
   8.9781962e-01   4.9112193e-02   5.3068182e-02
   3.7080952e-01   1.2365476e-01   5.0553571e-01
   6.2083333e-02   7.2083333e-02   8.6583333e-01
   6.5496245e-01   7.0833333e-02   2.7420421e-01
   9.5286111e-01   2.7138889e-02   2.0000000e-02
   8.2648593e-01   7.7179744e-02   9.6334325e-02
   8.1042002e-01   9.4163309e-02   9.5416667e-02
   6.2777778e-01   1.8055556e-01   1.9166667e-01
   4.2905646e-01   1.9659776e-01   3.7434578e-01
   4.1912500e-01   1.6938690e-01   4.1148810e-01
   4.2916667e-01   1.7833333e-01   3.9250000e-01
   2.4425000e-01   1.2883333e-01   6.2691667e-01
   5.1458333e-02   3.4541667e-02   9.1400000e-01
   8.0931377e-01   1.0193623e-01   8.8750000e-02
   5.4346118e-01   8.7302350e-02   3.6923647e-01
   4.2290858e-01   2.9981095e-01   2.7728047e-01
   4.2510408e-01   3.1316071e-01   2.6173521e-01
   2.3013258e-01   1.0852219e-01   6.6134524e-01
   3.0083333e-01   6.8333333e-02   6.3083333e-01
   5.0890476e-01   9.8416667e-02   3.9267857e-01
   6.6309936e-01   1.2952427e-01   2.0737637e-01
   5.2935897e-01   9.8750000e-02   3.7189103e-01
   4.9003571e-01   1.7346429e-01   3.3650000e-01
   2.9226190e-01   8.3916667e-02   6.2382143e-01
   4.6866377e-01   1.5645772e-01   3.7487851e-01
   4.9912218e-01   2.1423985e-01   2.8663797e-01
   6.4991667e-01   1.3083333e-01   2.1925000e-01
   3.6595238e-01   1.6072619e-01   4.7332143e-01
   3.6187446e-01   3.1985137e-01   3.1827417e-01
   3.8762500e-01   1.0662500e-01   5.0575000e-01
   2.1202976e-01   6.0333333e-02   7.2763690e-01
   3.4732215e-01   2.2767785e-01   4.2500000e-01
   3.6538528e-01   1.7951190e-01   4.5510281e-01
   2.1383333e-01   2.1160714e-01   5.7455952e-01
   2.6686905e-01   1.6640476e-01   5.6672619e-01
   4.5198810e-01   2.4904762e-01   2.9896429e-01
   4.8200824e-01   9.2083333e-02   4.2590842e-01
   1.9886905e-01   1.0138492e-01   6.9974603e-01
   7.8925433e-01   8.3862804e-02   1.2688287e-01
   8.6628663e-01   7.8645910e-02   5.5067460e-02
   8.0650777e-01   9.8728341e-02   9.4763889e-02
   4.3250000e-01   2.5065476e-01   3.1684524e-01
   2.9946627e-01   8.6666667e-02   6.1386706e-01
   1.1500000e-01   2.7241667e-01   6.1258333e-01
   3.2083333e-01   2.6562500e-01   4.1354167e-01
   7.6447583e-01   1.3046465e-01   1.0505952e-01
   6.1315616e-01   1.6540336e-01   2.2144048e-01
   8.6262302e-01   3.7662698e-02   9.9714286e-02
   4.8748611e-01   1.4775000e-01   3.6476389e-01
   4.5222561e-01   2.1007742e-01   3.3769697e-01
   3.1357143e-01   2.1000000e-01   4.7642857e-01
   3.2612500e-01   3.5125000e-01   3.2262500e-01
   2.5512124e-01   5.2044414e-02   6.9283435e-01
   1.3291026e-01   9.7285714e-02   7.6980403e-01
   3.7208333e-01   1.6550000e-01   4.6241667e-01
   3.9870437e-01   2.0279960e-01   3.9849603e-01
   6.1322222e-01   1.4491667e-01   2.4186111e-01
   4.5686310e-01   1.1097024e-01   4.3216667e-01
   2.6666667e-02   1.1250000e-02   9.6208333e-01
   1.7500000e-02   1.8500000e-02   9.6400000e-01
   9.6995238e-01   2.5047619e-02   5.0000000e-03
   5.4816270e-01   1.6512500e-01   2.8671230e-01
   1.4066667e-01   2.1296429e-01   6.4636905e-01
   5.8311633e-01   1.8104114e-01   2.3584253e-01
   2.5117262e-01   1.5918651e-01   5.8964087e-01
   6.5297619e-02   4.3273810e-02   8.9142857e-01
   3.2376587e-01   1.6111111e-02   6.6012302e-01
   9.0443193e-01   6.6187118e-02   2.9380952e-02
   8.5163889e-01   5.6645833e-02   9.1715278e-02
   6.1137424e-01   1.3355357e-01   2.5507219e-01
   6.8878211e-01   1.5648846e-01   1.5472944e-01
   3.3879386e-01   4.7829545e-02   6.1337659e-01
   3.6354167e-01   9.1666667e-02   5.4479167e-01
   9.5000000e-02   3.2500000e-02   8.7250000e-01
   4.0883333e-01   4.2083333e-02   5.4908333e-01
   8.2159722e-01   2.8194444e-02   1.5020833e-01
   5.3085062e-01   1.4921485e-01   3.1993452e-01
   5.6201082e-01   2.8565584e-01   1.5233333e-01
   4.3257242e-01   3.6641874e-01   2.0100884e-01
   2.3013258e-01   1.0852219e-01   6.6134524e-01
   2.3461310e-01   5.0416667e-02   7.1497024e-01
   4.3983333e-01   2.2100000e-01   3.3916667e-01
   3.6890315e-01   3.1811605e-01   3.1298080e-01
   4.0018254e-01   3.7987302e-01   2.1994444e-01
   4.9870542e-01   2.9908426e-01   2.0221032e-01
   2.8964286e-01   8.2500000e-02   6.2785714e-01
   3.0172619e-01   3.0972222e-02   6.6730159e-01
   3.6528846e-01   8.9000000e-02   5.4571154e-01
   1.0750000e-01   1.8291667e-02   8.7420833e-01
   3.1602244e-01   2.2618819e-01   4.5778938e-01
   4.3115938e-01   2.9813228e-01   2.7070833e-01
   4.1568452e-01   2.1798214e-01   3.6633333e-01
   2.8228968e-01   2.4279365e-01   4.7491667e-01
   3.4684524e-01   7.6666667e-02   5.7648810e-01
   1.7484921e-01   5.0000000e-02   7.7515079e-01
   3.2612500e-01   3.5125000e-01   3.2262500e-01
   7.6479167e-01   1.0208333e-01   1.3312500e-01
   3.2266071e-01   1.4291667e-01   5.3442262e-01
   2.8443506e-01   1.2232251e-01   5.9324242e-01
   4.2483333e-01   1.2250000e-01   4.5266667e-01
   2.4898485e-01   1.5153571e-01   5.9947944e-01
   7.8925433e-01   8.3862804e-02   1.2688287e-01
   8.6628663e-01   7.8645910e-02   5.5067460e-02
   8.0650777e-01   9.8728341e-02   9.4763889e-02
   3.3666667e-01   2.5148810e-01   4.1184524e-01
   2.8729167e-01   1.0750000e-01   6.0520833e-01
   1.5000000e-01   2.9487500e-01   5.5512500e-01
   3.6191667e-01   2.9416667e-01   3.4391667e-01
   7.6447583e-01   1.3046465e-01   1.0505952e-01
   6.1315616e-01   1.6540336e-01   2.2144048e-01
   8.6262302e-01   3.7662698e-02   9.9714286e-02
   3.9995833e-01   2.0733333e-01   3.9270833e-01
   4.1373445e-01   1.9308590e-01   3.9317965e-01
   2.9225000e-01   2.0658333e-01   5.0116667e-01
   3.2612500e-01   3.5125000e-01   3.2262500e-01
   2.5512124e-01   5.2044414e-02   6.9283435e-01
   1.3291026e-01   9.7285714e-02   7.6980403e-01
   3.7947627e-01   1.6094444e-01   4.5957928e-01
   3.9460516e-01   1.9707341e-01   4.0832143e-01
   6.1136905e-01   1.1929762e-01   2.6933333e-01
   4.7004167e-01   1.2756548e-01   4.0239286e-01
   5.7138889e-02   2.8333333e-02   9.1452778e-01
   1.5000000e-02   6.0000000e-03   9.7900000e-01
   9.6995238e-01   2.5047619e-02   5.0000000e-03
   5.1189881e-01   1.3208333e-01   3.5601786e-01
   1.8654762e-01   3.4638095e-01   4.6707143e-01
   5.8311633e-01   1.8104114e-01   2.3584253e-01
   2.5525595e-01   1.8646032e-01   5.5828373e-01
   6.5297619e-02   4.3273810e-02   8.9142857e-01
   3.6128190e-01   4.2500000e-02   5.9621810e-01
   9.0443193e-01   6.6187118e-02   2.9380952e-02
   8.5163889e-01   5.6645833e-02   9.1715278e-02
   6.1137424e-01   1.3355357e-01   2.5507219e-01
   6.8878211e-01   1.5648846e-01   1.5472944e-01
   3.1133333e-01   5.6496212e-02   6.3217045e-01
   3.5602579e-01   8.8333333e-02   5.5564087e-01
   2.1350000e-01   1.3183333e-01   6.5466667e-01
   4.0883333e-01   4.2083333e-02   5.4908333e-01
   8.2159722e-01   2.8194444e-02   1.5020833e-01
   5.3085062e-01   1.4921485e-01   3.1993452e-01
   5.6054257e-01   2.7454834e-01   1.6490909e-01
   4.3257242e-01   3.6641874e-01   2.0100884e-01
   2.3013258e-01   1.0852219e-01   6.6134524e-01
   3.0986310e-01   8.4416667e-02   6.0572024e-01
   4.3983333e-01   2.2100000e-01   3.3916667e-01
   3.6890315e-01   3.1811605e-01   3.1298080e-01
   3.8157937e-01   3.4655952e-01   2.7186111e-01
   4.9870542e-01   2.9908426e-01   2.0221032e-01
   2.8964286e-01   8.2500000e-02   6.2785714e-01
   3.0172619e-01   3.0972222e-02   6.6730159e-01
   4.0278846e-01   8.7000000e-02   5.1021154e-01
   1.0750000e-01   1.8291667e-02   8.7420833e-01
   3.2104029e-01   1.9792628e-01   4.8103342e-01
   4.3115938e-01   2.9813228e-01   2.7070833e-01
   4.3189665e-01   2.1393452e-01   3.5416883e-01
   3.5211111e-01   2.1655556e-01   4.3133333e-01
   3.5151190e-01   5.5833333e-02   5.9265476e-01
   1.7484921e-01   5.0000000e-02   7.7515079e-01
   3.2612500e-01   3.5125000e-01   3.2262500e-01
   8.1841667e-01   7.0333333e-02   1.1125000e-01
   3.2266071e-01   1.4291667e-01   5.3442262e-01
   2.8443506e-01   1.2232251e-01   5.9324242e-01
   4.6205952e-01   1.1604167e-01   4.2189881e-01
   1.9188294e-01   1.3989683e-01   6.6822024e-01
   7.8925433e-01   8.3862804e-02   1.2688287e-01
   8.6628663e-01   7.8645910e-02   5.5067460e-02
   8.0650777e-01   9.8728341e-02   9.4763889e-02
   3.1666667e-01   2.3940476e-01   4.4392857e-01
   2.8682738e-01   1.0166667e-01   6.1150595e-01
   1.5000000e-01   2.9487500e-01   5.5512500e-01
   3.8886111e-01   3.0593056e-01   3.0520833e-01
   7.6447583e-01   1.3046465e-01   1.0505952e-01
   6.1315616e-01   1.6540336e-01   2.2144048e-01
   8.6262302e-01   3.7662698e-02   9.9714286e-02
   3.2666667e-01   1.7726190e-01   4.9607143e-01
   4.1373445e-01   1.9308590e-01   3.9317965e-01
   3.1711310e-01   2.0350000e-01   4.7938690e-01
   3.2612500e-01   3.5125000e-01   3.2262500e-01
   2.5512124e-01   5.2044414e-02   6.9283435e-01
   1.3291026e-01   9.7285714e-02   7.6980403e-01
   3.7947627e-01   1.6094444e-01   4.5957928e-01
   3.9870437e-01   2.0279960e-01   3.9849603e-01
   6.0250000e-01   1.6033333e-01   2.3716667e-01
   4.7004167e-01   1.2756548e-01   4.0239286e-01
   2.6666667e-02   1.1250000e-02   9.6208333e-01
   1.5000000e-02   6.0000000e-03   9.7900000e-01
   9.6995238e-01   2.5047619e-02   5.0000000e-03
   4.7386508e-01   1.6506548e-01   3.6106944e-01
   1.8654762e-01   3.4638095e-01   4.6707143e-01
   5.8311633e-01   1.8104114e-01   2.3584253e-01
   2.0986310e-01   1.9329365e-01   5.9684325e-01
   6.5297619e-02   4.3273810e-02   8.9142857e-01
   3.6128190e-01   4.2500000e-02   5.9621810e-01
   9.0443193e-01   6.6187118e-02   2.9380952e-02
   7.1984722e-01   1.9339881e-01   8.6753968e-02
   6.1137424e-01   1.3355357e-01   2.5507219e-01
   6.8878211e-01   1.5648846e-01   1.5472944e-01
   3.1391667e-01   6.0079545e-02   6.2600379e-01
   3.5075000e-01   1.5000000e-01   4.9925000e-01
   2.5625000e-01   1.0270833e-01   6.4104167e-01
   3.7041667e-01   7.4166667e-02   5.5541667e-01
   8.2159722e-01   2.8194444e-02   1.5020833e-01
   5.3085062e-01   1.4921485e-01   3.1993452e-01
   5.6054257e-01   2.7454834e-01   1.6490909e-01
   4.3257242e-01   3.6641874e-01   2.0100884e-01
   1.8875000e-01   1.0675000e-01   7.0450000e-01
   3.0986310e-01   8.4416667e-02   6.0572024e-01
   4.3983333e-01   2.2100000e-01   3.3916667e-01
   3.6890315e-01   3.1811605e-01   3.1298080e-01
   3.8157937e-01   3.4655952e-01   2.7186111e-01
   4.7391903e-01   2.8140836e-01   2.4467262e-01
   2.8057143e-01   7.0000000e-02   6.4942857e-01
   3.0533730e-01   4.3055556e-02   6.5160714e-01
   4.0278846e-01   8.7000000e-02   5.1021154e-01
   1.0750000e-01   1.8291667e-02   8.7420833e-01
   3.1602244e-01   2.2618819e-01   4.5778938e-01
   4.3115938e-01   2.9813228e-01   2.7070833e-01
   4.1568452e-01   2.1798214e-01   3.6633333e-01
   2.8228968e-01   2.4279365e-01   4.7491667e-01
   3.5151190e-01   5.5833333e-02   5.9265476e-01
   2.2023016e-01   7.6309524e-02   7.0346032e-01
   3.2612500e-01   3.5125000e-01   3.2262500e-01
   7.6479167e-01   1.0208333e-01   1.3312500e-01
   2.9382143e-01   1.6000000e-01   5.4617857e-01
   3.0848268e-01   1.2202489e-01   5.6949242e-01
   4.8200824e-01   9.2083333e-02   4.2590842e-01
   2.1567460e-01   1.2203968e-01   6.6228571e-01
   7.8925433e-01   8.3862804e-02   1.2688287e-01
   8.6628663e-01   7.8645910e-02   5.5067460e-02
   8.0650777e-01   9.8728341e-02   9.4763889e-02
   3.6916667e-01   2.1398810e-01   4.1684524e-01
   3.0729167e-01   9.8000000e-02   5.9470833e-01
   1.3500000e-01   2.5958333e-01   6.0541667e-01
   3.2083333e-01   2.6562500e-01   4.1354167e-01
   7.6447583e-01   1.3046465e-01   1.0505952e-01
   6.1315616e-01   1.6540336e-01   2.2144048e-01
   8.6262302e-01   3.7662698e-02   9.9714286e-02
   3.9944444e-01   1.6958333e-01   4.3097222e-01
   4.1373445e-01   1.9308590e-01   3.9317965e-01
   3.1711310e-01   2.0350000e-01   4.7938690e-01
   3.2612500e-01   3.5125000e-01   3.2262500e-01
   2.5512124e-01   5.2044414e-02   6.9283435e-01
   1.3291026e-01   9.7285714e-02   7.6980403e-01
   3.7947627e-01   1.6094444e-01   4.5957928e-01
   3.9870437e-01   2.0279960e-01   3.9849603e-01
   6.1322222e-01   1.4491667e-01   2.4186111e-01
   4.8025000e-01   1.4198810e-01   3.7776190e-01
   2.6666667e-02   1.1250000e-02   9.6208333e-01
   1.5000000e-02   6.0000000e-03   9.7900000e-01
   9.6995238e-01   2.5047619e-02   5.0000000e-03
   5.5682937e-01   1.5212500e-01   2.9104563e-01
   2.8097619e-01   2.8786310e-01   4.3116071e-01
   5.8311633e-01   1.8104114e-01   2.3584253e-01
   2.9169643e-01   2.0141865e-01   5.0688492e-01
   6.5297619e-02   4.3273810e-02   8.9142857e-01
   3.6128190e-01   4.2500000e-02   5.9621810e-01
   9.0443193e-01   6.6187118e-02   2.9380952e-02
   8.5163889e-01   5.6645833e-02   9.1715278e-02
   6.1137424e-01   1.3355357e-01   2.5507219e-01
   6.8878211e-01   1.5648846e-01   1.5472944e-01
   3.1391667e-01   6.0079545e-02   6.2600379e-01
   3.6483333e-01   1.7866667e-01   4.5650000e-01
   2.5625000e-01   1.0270833e-01   6.4104167e-01
   4.0883333e-01   4.2083333e-02   5.4908333e-01
   8.2159722e-01   2.8194444e-02   1.5020833e-01
   5.3085062e-01   1.4921485e-01   3.1993452e-01
   5.6201082e-01   2.8565584e-01   1.5233333e-01
   4.3257242e-01   3.6641874e-01   2.0100884e-01
   2.3013258e-01   1.0852219e-01   6.6134524e-01
   3.0877976e-01   9.5083333e-02   5.9613690e-01
   4.5108333e-01   1.8800000e-01   3.6091667e-01
   3.6890315e-01   3.1811605e-01   3.1298080e-01
   3.5805231e-01   3.9063961e-01   2.5130808e-01
   4.9870542e-01   2.9908426e-01   2.0221032e-01
   3.2398810e-01   8.4166667e-02   5.9184524e-01
   3.0172619e-01   3.0972222e-02   6.6730159e-01
   4.0278846e-01   8.7000000e-02   5.1021154e-01
   1.0750000e-01   1.8291667e-02   8.7420833e-01
   3.2890934e-01   2.4479533e-01   4.2629533e-01
   4.3115938e-01   2.9813228e-01   2.7070833e-01
   4.1568452e-01   2.1798214e-01   3.6633333e-01
   2.7840079e-01   2.4057143e-01   4.8102778e-01
   2.9934307e-01   4.7500000e-02   6.5315693e-01
   2.0261905e-01   8.8000000e-02   7.0938095e-01
   3.2612500e-01   3.5125000e-01   3.2262500e-01
   8.1841667e-01   7.0333333e-02   1.1125000e-01
   3.3926786e-01   1.2494048e-01   5.3579167e-01
   2.8443506e-01   1.2232251e-01   5.9324242e-01
