62 8
762 997 884 41 41 450 109 292 246 548 238 604 561 284 504 709 37 799 346 976 290 625 399 77 344 896 594 972 140 474 419 260 394 77 412 21 470 737 66 403 227 929 729 662 404 748 223 475 526 73 967 700 393 1000 297 73 739 554 691 798 849 395
1 2
2 4
4 8
8 16
16 32
16 33
8 17
17 34
17 35
4 9
9 18
18 36
18 37
9 19
19 38
19 39
2 5
5 10
10 20
20 40
20 41
10 21
21 42
21 43
5 11
11 22
22 44
22 45
11 23
23 46
23 47
1 3
3 6
6 12
12 24
24 48
24 49
12 25
25 50
25 51
6 13
13 26
26 52
26 53
13 27
27 54
27 55
3 7
7 14
14 28
28 56
28 57
14 29
29 58
29 59
7 15
15 30
30 60
30 61
15 31
31 62
