449.374512 805.372986
157.021500 67.162003
931.191528 493.209015
424.463989 743.059998
625.202515 71.440498
55.066502 361.006500
377.414490 845.086975
65.109497 392.056488
300.493500 791.227478
735.044495 921.403503
298.486511 226.487000
688.364990 388.273987
706.353027 615.337524
101.302498 448.131012
61.312500 489.207001
33.321999 962.192017
998.000488 505.404510
886.442505 111.260002
267.441986 614.354980
984.357971 631.364990
881.332520 366.151001
281.382996 179.218994
380.134003 333.411011
193.199493 819.484497
233.484497 664.455017
555.424011 638.354492
349.416992 755.289490
704.483521 482.443512
731.393982 56.408501
683.306030 821.494995
235.153000 991.402527
577.320984 736.396973
476.363007 14.383500
968.275024 33.013000
836.098022 779.220520
517.359009 481.325012
618.119019 448.091003
672.145508 173.387497
310.468506 109.337502
496.343506 21.095501
981.380493 334.146515
632.360474 362.265503
801.500000 848.031006
378.181488 699.026978
687.416504 336.131500
895.056030 565.026978
67.011002 364.325989
543.002991 511.449493
782.111023 434.154999
335.122986 219.344498
100.465500 154.056503
518.224976 739.270020
862.023987 546.416992
282.269012 856.247498
753.036011 465.429993
593.112976 573.031494
696.455994 155.271500
147.082504 729.184998
368.165497 921.086975
453.342987 735.478027
850.007507 934.288025
43.093498 438.087006
395.129486 150.165497
801.065002 107.116501
318.144501 369.313507
418.338013 551.427002
22.099501 405.364014
980.465515 353.278503
139.259506 388.036987
670.418030 235.285004
799.204529 191.001495
603.329529 545.182983
27.234501 981.049988
780.065979 874.411011
261.094513 891.083008
175.102005 789.000977
996.002991 828.410522
935.208008 701.285522
555.002014 390.359985
718.453491 849.414001
983.112488 924.203979
148.022507 417.183014
65.306000 698.393494
397.338989 771.179504
473.287506 203.107498
891.007507 821.234497
34.091999 579.116028
145.063507 511.192993
126.491501 165.451508
715.039978 431.490997
194.216995 174.395996
286.342499 557.049988
400.490509 496.281006
875.439026 113.482498
387.371490 624.098022
164.363998 557.108521
178.414505 701.421021
958.029480 700.286011
192.140503 699.145996
764.354492 939.052490
