6962 1910
4836 4946
6347 6777
7137 9479
2065 836
3835 5195
157 2809
3249 8711
1074 5450
9794 3739
7803 2421
9618 5432
9090 9869
2118 7088
5576 9273
7648 8278
1655 3124
6725 8471
861 3
1058 5199
7612 605
1703 844
3107 1299
4662 7096
8201 6755
9231 1150
1058 8222
9418 2704
2412 9016
3739 5824
6227 3770
3708 4726
8589 3025
6324 7554
2624 9705
883 7209
2275 9059
5412 3286
2730 8618
3050 4187
323 9731
3676 3481
9728 7253
1110 9554
1240 8933
1193 2628
5975 1076
1050 8205
1789 2034
4867 998
7732 94
6479 8413
9848 7323
4087 7649
6139 5928
7418 5464
3500 8707
2641 4690
4439 131
5342 6541
6395 9653
6884 2787
1463 3760
4462 6854
9346 8386
149 7915
1344 8195
9273 7026
8183 4334
3412 9376
9507 7208
8336 1722
7850 5823
2204 9048
4883 288
4321 9536
2763 9019
9780 1896
8395 7207
294 4122
3409 8129
6528 7733
7682 3842
2256 6574
9196 6844
5636 4221
8071 9246
7935 9065
7555 1033
5004 1135
9810 3965
1821 9724
9292 2688
5411 5869
1541 9613
6458 8771
192 5123
4925 190
27 9687
9982 5900
