100
40 -89 -79 -1 59 18 87 -89 -23 -64 7 63 48 0 -72 49 -78 35 -31 11 48 60 99 -19 -82 23 30 50 -61 -13 28 0 38 7 -35 -88 -64 -86 -3 -3 -64 52 -4 -12 8 -4 -80 97 17 68 44 -99 24 -91 51 -44 -35 -86 89 97 18 -30 5 49 -45 -62 55 60 -11 84 -94 14 22 -65 23 -50 15 -77 65 -6 -58
40 -65 -24 73 -96 -88 -13 16 31 7 51 -24 -44 62 84 8 86 -97 -57 -46 65 16 -61 12 40 -90 0 -1 -65 -83 70 49 -59 -61 76 -34 21 -93 43 -9 58 34 89 -40 7 54 86 66 -77 -89 -93 -44 -6 97 48 -5 71 -89 -37 39 16 16 70 -66 -58 -9 -5 71 98 34 -9 58 70 -68 -93 -15 13 37 63 -30 28
40 -25 -39 90 -17 22 19 -79 77 78 81 31 89 -29 33 69 -47 8 -93 -58 34 -54 28 -41 -30 43 -59 36 -5 13 99 20 54 -86 46 34 22 -5 69 -93 -96 -41 58 -6 -34 32 -41 37 64 -86 -76 -18 -89 -7 -11 -14 -58 -81 -42 -36 -48 87 -91 77 -68 -45 40 -77 86 -79 44 24 75 -95 -73 -2 36 -39 74 -25 47
40 35 83 52 -11 39 -65 -10 53 -87 54 65 66 74 35 -44 70 -70 -52 -55 -72 16 22 -95 1 74 47 -26 75 21 44 -27 -46 -89 -41 74 -87 51 -39 -21 52 -12 61 99 -94 91 58 24 -34 77 -95 -52 79 1 -85 -69 -31 33 -81 -92 37 -11 -39 82 -81 79 52 22 -91 -96 -8 -85 -32 -88 -60 80 12 -36 -14 12 -9
40 41 -19 35 57 -97 60 43 -53 -46 -35 41 58 -62 -53 -92 -45 89 -1 -73 -18 -25 -16 -82 -91 59 -20 79 -85 23 56 3 0 74 -24 -34 -39 52 34 -57 -13 12 -57 73 56 54 -43 10 -39 96 -37 74 -79 -48 -73 62 67 11 5 20 -80 -91 -59 35 -67 32 19 -45 64 91 38 79 19 -7 -57 -42 -71 31 -21 -91 -88
40 59 40 10 92 25 38 -18 -83 -45 -27 87 -83 -37 -58 -94 5 -19 -24 74 30 -35 -92 65 60 84 -16 -94 -44 63 28 76 66 -53 60 -66 49 97 -30 63 10 82 -36 -79 -24 36 -8 -33 -83 -13 36 52 97 -76 -91 67 3 85 17 -16 -2 54 -42 -55 -32 -70 -19 -99 -78 -28 1 52 -15 -5 -2 12 -50 85 55 -74 48
40 -72 -72 73 89 -73 -62 5 24 -2 -73 -84 97 14 43 98 32 -13 92 22 20 -42 47 48 -46 96 22 -83 69 -26 -70 47 61 85 -96 -22 8 37 -75 -38 -20 29 -75 81 78 59 -1 81 -33 -94 17 69 42 74 51 -90 -82 0 -82 39 -49 68 39 -45 99 -50 -47 60 38 28 27 -32 8 -2 -43 -84 -54 11 -33 -6 -48
40 75 -92 65 60 44 -10 47 -46 -76 92 46 -12 46 44 22 -14 14 -7 77 -54 -25 39 16 -70 -79 97 -89 84 -1 -80 88 53 96 47 92 -68 99 68 31 22 91 89 55 -42 88 34 -14 26 -19 72 36 77 59 -18 56 44 27 -43 15 63 55 63 -21 18 -28 51 86 93 -25 -74 -10 -34 -65 -17 44 18 82 -70 -67 9
40 -45 -24 2 -38 -28 -91 -10 -65 -47 71 34 29 -76 34 32 73 -88 67 42 -36 -88 29 0 -93 89 -25 45 -90 23 81 -89 0 51 11 97 -93 -91 -96 76 64 -64 -86 28 -87 48 -98 -27 -73 -66 -27 9 -55 59 81 -94 47 0 2 -51 -49 9 74 -78 -48 -9 24 -99 4 -29 83 -65 -22 23 81 -86 24 -14 -38 80 -31
40 58 -24 94 15 74 13 96 75 -85 -67 97 43 49 -77 -77 90 97 -9 44 -72 -34 -4 -65 99 67 -89 64 56 -6 -54 -7 70 -82 17 58 -60 -83 -11 -75 -43 89 -36 94 71 54 70 30 -69 -95 13 20 -72 8 18 5 -62 -73 62 -90 83 37 14 -99 -16 -54 -30 -79 61 53 0 98 -62 -12 23 -3 97 43 -3 -85 63
40 -49 -68 -24 38 -80 -38 33 81 66 -66 -65 -41 -9 -38 -44 -56 -16 33 -43 -95 58 72 78 -51 75 -26 -81 -31 -57 8 3 -34 -19 -86 -87 78 26 66 59 -1 -40 48 82 -81 31 10 61 63 80 -55 95 -23 12 65 86 -1 28 6 29 -89 -17 45 79 -9 -54 58 89 41 -38 5 80 41 81 66 -48 -19 43 16 79 -58
40 89 -31 -72 -35 -99 64 96 -20 -72 43 -43 -69 -97 78 82 -23 1 -2 23 -91 63 82 50 41 -83 -25 -4 -56 18 65 28 52 71 -99 93 -62 15 -10 40 64 59 -59 -17 18 -55 -89 -91 40 -86 91 84 37 -21 31 78 -87 -43 94 -74 -13 52 75 82 -43 92 68 95 -55 -43 -8 8 -93 -82 82 46 -55 59 -26 9 -17
40 50 36 -97 -31 59 18 32 47 95 75 -91 71 -49 -4 -28 93 26 -67 88 18 28 51 42 42 1 -13 -57 59 -95 -66 -5 82 -11 54 -38 24 -37 41 -65 -75 36 -98 -31 -61 21 5 -18 -15 -47 82 84 -29 41 -17 -55 86 15 -98 -77 98 42 83 28 -97 -89 -96 0 -91 52 -71 -36 99 89 86 -16 -86 80 -83 -44 31
40 -44 39 -46 -5 -86 28 70 -61 73 4 94 -26 -58 -46 31 84 4 69 16 -94 0 -59 53 10 -31 74 90 -99 50 -28 93 -81 -73 56 18 66 69 65 -65 -23 91 8 22 -19 -22 -99 80 -45 65 -29 63 79 -16 -32 95 -22 -4 41 81 -15 -40 44 -49 10 -35 -82 61 -57 37 0 5 60 -3 -46 -73 -3 31 -86 10 -82
40 94 -42 50 78 83 -68 -61 1 98 96 4 34 -57 40 37 -47 -26 -62 -79 -39 55 -30 -91 -67 -82 14 82 78 90 13 9 59 97 -89 -57 -68 91 -13 -14 -35 9 76 -35 96 40 95 23 73 63 -36 88 37 63 -56 26 14 -7 94 23 66 50 52 24 -50 90 42 -38 46 -98 -82 -3 29 70 -48 -78 2 0 -22 -69 -18
40 -49 -26 -84 74 -87 -77 97 11 -36 28 -61 -19 -89 -85 -42 35 91 95 -14 14 -84 -59 88 41 27 24 93 -37 74 85 -59 -33 -40 76 7 -46 -43 -61 15 -92 -19 -14 72 22 -22 -86 66 49 -73 -54 -51 7 42 -97 -67 -73 31 -73 -47 -30 23 49 -9 0 17 -87 26 -62 57 54 30 -30 0 61 -73 -25 63 -4 -33 2
40 28 -2 40 -21 95 82 -41 90 43 21 28 -4 -86 -69 -28 -66 60 52 91 67 -18 -36 -49 -54 -16 86 59 1 87 -63 28 -12 36 -11 -90 63 -4 -10 -48 22 27 5 -91 -3 -83 21 -66 -99 30 0 -22 -28 2 -8 -61 63 98 21 83 48 75 -54 -20 -21 -6 -11 57 -24 -29 -34 51 92 -45 -97 33 -91 -90 46 82 -82
40 75 -10 -84 54 -98 96 -86 35 -80 -41 70 41 -41 62 -96 31 -47 -4 44 13 -47 -17 -42 -49 3 71 -98 48 79 -39 -21 78 -50 -15 -7 -95 -36 64 -49 50 28 -80 -53 89 -25 -42 39 83 -30 -58 85 54 -19 44 -77 -70 -43 1 67 -85 -84 -50 -59 -37 13 83 -47 89 -18 -83 83 -16 11 60 93 80 67 -67 -15 -48
40 -91 87 51 -41 0 -14 -43 42 4 -88 -57 -14 15 31 42 27 32 -87 -4 -39 53 -99 98 -12 61 65 -49 86 87 -78 88 -63 38 27 72 -33 64 72 25 -16 -55 -46 -7 -75 81 55 -84 13 -19 32 -23 48 -14 -99 -59 97 -21 -47 12 -43 -9 88 62 16 36 86 -69 99 -70 1 52 -71 -22 9 -57 -26 -74 -98 -55 -57
40 36 -67 9 65 88 29 -90 29 -31 68 31 -73 40 29 -30 55 -15 -79 66 -38 61 -97 -83 -64 -85 93 -29 -45 61 81 72 -84 -13 34 61 -94 -20 29 64 -17 42 93 15 7 6 -29 31 -4 -28 -84 -21 -63 30 -66 52 -58 -31 -49 -86 72 -87 -63 0 -83 20 90 -41 44 -17 77 16 34 19 38 27 -2 -37 -29 25 61
40 90 -8 18 -9 -87 87 51 -32 -38 55 62 -85 6 41 -19 10 -61 -14 -18 -62 -72 -19 -63 -53 -76 44 -12 71 90 -80 83 -41 44 -3 -3 70 90 -13 60 -87 -78 18 -34 47 -22 1 26 -56 -56 -65 67 22 -50 -24 -51 -40 -14 -14 73 -12 77 -62 97 72 -59 -86 -23 -96 55 82 -16 -39 81 -24 28 19 -32 52 -93 -56
40 45 83 9 -80 92 -67 -64 -4 41 64 -83 85 -80 -23 -88 73 91 52 81 0 1 62 81 -26 83 -1 -88 -39 23 63 -56 -80 61 -89 58 26 -95 -49 -64 59 -63 18 6 84 -84 20 -70 -91 16 57 88 50 30 40 -30 97 -28 87 -67 -18 98 -68 18 59 15 25 -79 -74 40 -36 -58 36 -80 -86 87 87 71 82 -91 9
40 43 -95 32 -72 -49 -34 20 -43 0 -24 62 -24 51 -12 -32 36 -64 -32 -42 -19 61 -67 -93 92 44 -51 -37 -22 -98 10 -36 87 -97 97 4 82 76 14 -36 58 25 -73 -66 13 49 -6 -15 1 56 9 -12 -67 34 51 -63 75 -24 51 87 16 22 79 -34 -63 -66 75 -50 -48 28 -1 82 -7 -84 -65 29 -46 -35 -59 16 -10
40 21 -47 86 -90 -65 -51 93 -85 -20 83 -22 52 -37 -1 -57 29 81 5 72 -49 -65 -41 20 27 -59 -73 93 28 -26 54 -29 -85 77 -68 -15 16 40 77 -1 19 -68 37 2 -90 -49 -92 76 -77 96 -12 30 74 25 -33 -26 -86 -22 -39 -76 58 -36 -11 -92 -26 78 11 70 -59 -60 -72 25 82 -87 35 -11 -2 -74 -23 -91 53
40 -63 52 -58 -97 41 -74 95 83 -89 23 -26 39 -77 30 45 42 85 -10 -14 -49 -77 17 -91 75 8 -68 19 -94 -68 8 -66 -61 -35 -37 -25 -4 28 -28 97 50 30 36 -44 -47 -49 96 -41 80 -35 -7 32 97 -10 97 -66 53 -86 -87 32 2 -80 34 4 -22 -49 11 -39 91 -61 69 44 9 33 51 36 -41 48 -62 -23 -71
40 -10 80 -35 11 44 -49 -54 -50 -72 93 23 40 -56 -78 -71 51 71 23 -19 -85 29 17 -39 35 21 49 38 0 -72 -67 -13 -92 38 43 -3 -93 99 -11 -53 -17 -45 -75 43 -47 -31 -35 72 -77 -92 -45 -22 -33 65 43 22 86 -96 -54 41 0 2 91 31 18 -2 2 -4 -25 71 55 91 49 -92 -16 1 53 62 89 -44 32
40 49 91 -52 -67 -83 8 -33 0 -5 -16 -17 62 -3 59 -90 -53 -42 10 86 -7 -16 27 94 -71 -95 -17 60 38 0 56 55 -93 90 54 -57 78 -39 2 83 97 16 -59 51 75 -62 -90 -22 55 17 51 50 -84 -32 11 25 79 70 -38 40 -17 65 53 6 -50 32 -9 73 50 80 -52 21 -22 96 -77 98 -95 -39 -53 -54 -8
40 80 41 -73 81 57 -55 -91 45 -63 94 17 -54 43 -98 -3 49 82 -17 -95 77 64 -2 -16 -77 -31 -29 27 -1 -94 -93 82 83 58 26 5 9 -3 -4 -73 48 37 86 -74 -34 29 52 -26 -27 53 41 57 -31 8 -61 -70 96 -27 52 0 -13 -79 -42 11 -61 65 -16 39 -1 34 -33 18 -7 -81 -28 -47 62 23 -8 37 -30
40 -33 -87 11 -85 -85 -15 -23 -55 55 70 30 81 57 98 -86 46 27 22 33 -69 -75 87 76 62 -71 -81 -56 39 -67 30 49 -30 46 67 99 86 91 -15 -2 -9 -30 57 -5 73 77 -40 -74 -20 71 -16 50 68 -71 22 -46 -74 22 23 1 78 -32 -84 21 -14 -74 -84 -88 38 -47 15 19 43 72 -24 21 -62 46 2 -60 -10
40 -66 38 8 56 14 65 54 -71 -36 -82 81 -56 49 25 -73 -89 43 -9 96 -94 19 -11 28 -8 -69 -78 97 27 -64 -81 4 10 -45 90 83 -81 55 -58 -55 -99 -80 -40 0 -20 3 -32 90 -81 43 -36 -44 1 -82 44 -34 2 -84 -79 62 79 23 33 -73 56 84 -28 -95 60 31 7 -58 -48 65 42 25 -85 -40 -19 -2 64
40 -22 32 48 24 -19 -44 -71 -70 4 -69 17 10 94 -99 66 24 75 49 -39 71 28 51 -78 74 -19 -10 84 55 -43 -63 87 85 -96 -70 -9 53 47 -75 -28 -96 -19 40 -85 -79 40 -92 -57 91 88 18 -5 -80 39 92 -83 -59 52 -45 -39 90 -61 -63 -43 0 83 -83 54 -54 64 -12 -96 -62 34 69 -33 87 58 71 28 -84
40 90 -91 6 -45 -36 -18 -85 -96 75 22 92 92 -45 -86 -44 -92 -12 -13 -33 -56 83 10 90 -73 -37 -30 39 -26 50 40 -44 37 53 76 53 -91 4 0 59 0 47 11 -25 -89 -37 32 -6 -12 92 63 -87 68 61 89 56 46 -32 22 56 19 27 96 -91 78 -41 14 45 92 73 59 52 -54 -25 69 -40 -21 24 90 -63 -97
40 80 5 -67 -76 63 -45 79 -45 57 42 -2 50 -95 -50 32 -59 -10 -56 -46 2 -11 -93 -48 -62 69 75 53 -89 -89 -87 3 -5 39 -2 -77 93 60 -36 -5 -11 48 -25 98 70 -95 -57 24 7 -62 16 1 -88 73 -85 -32 56 -50 39 -78 -97 93 -42 -27 89 64 -41 35 -56 -71 -89 -7 -31 -38 94 51 65 -45 49 -58 -56
40 2 -83 70 76 -41 91 71 60 39 -95 83 -69 -42 -84 -23 91 57 -61 81 21 51 14 21 -4 24 9 3 3 90 75 -5 96 -13 59 97 -64 -21 74 -10 -7 -29 -56 -84 -47 -11 -94 -93 -11 -76 -81 -73 53 -82 -68 -15 50 70 59 -39 31 53 57 -49 91 -98 -8 77 -92 -23 -66 1 -25 -20 -40 50 -93 -18 82 7 47
40 -21 10 90 -48 -77 -54 -57 -1 -59 -86 -16 80 89 61 -65 38 -37 -8 58 -8 -97 -31 -53 10 -91 89 -22 -85 36 27 82 17 -59 58 -47 4 -30 -28 -88 -17 79 -26 -11 60 -47 -11 26 -72 -5 67 -52 -30 9 -88 19 -13 8 0 40 77 -40 -44 88 -69 -63 35 -53 85 64 -41 63 28 -58 -29 -50 64 -98 -33 62 29
40 25 -39 -93 3 59 -74 -29 68 -65 87 43 78 63 -88 -59 96 97 49 -36 46 -76 84 -72 44 -15 -29 94 -34 -97 -41 36 96 90 -58 -44 37 -80 3 -93 -96 -51 84 41 -18 -31 -25 -89 -89 -35 -64 -50 -76 -33 -40 -11 18 73 -33 -88 18 28 -43 96 -37 31 13 -32 -2 -35 -27 90 20 -81 48 -49 31 -1 51 25 45
40 79 64 -92 -69 -79 23 88 19 80 85 -58 59 57 -16 -50 -57 96 -89 74 -11 72 87 -57 31 -80 -26 -61 55 -15 81 68 56 -4 -66 97 64 17 -49 23 0 83 -15 -16 -93 74 96 54 32 -59 97 63 98 31 38 37 25 31 -18 33 61 65 35 -21 -18 68 -25 34 -94 -1 42 -51 -10 -35 52 90 -43 68 -18 31 -90
40 21 -28 -21 -2 -66 -56 -92 -23 -57 -72 -81 37 85 -83 52 -62 63 -49 90 11 -92 35 -27 -96 15 9 -25 -10 -61 -45 53 -67 8 59 -80 -66 -24 -47 40 -60 -55 -3 -68 -44 -5 -42 -57 -74 -51 -46 92 -77 97 94 -36 -64 -68 -92 2 -32 87 -34 51 -58 -25 21 41 -61 64 48 81 47 -61 -94 67 -33 48 21 57 23
40 -98 9 -74 -37 25 17 -57 -38 15 -72 -3 32 24 -5 -88 57 -3 46 -41 25 10 43 30 -81 28 -96 -22 3 10 6 -39 -5 -97 72 -69 32 57 32 88 -61 -22 -15 38 -93 -33 53 75 82 -38 58 -62 -11 -67 -18 44 49 -72 -31 -28 -20 -50 37 -25 82 -58 31 -96 18 61 0 -63 -94 -69 -77 61 96 34 -15 -55 -99
40 -39 -92 -95 1 51 -61 36 19 -47 11 10 -8 40 73 -25 10 13 -95 97 -14 16 11 -22 -18 -2 -81 59 86 57 61 73 77 92 -21 40 21 -99 21 76 88 29 74 -83 -85 -34 -95 -3 -15 -81 41 21 -19 4 -12 60 -32 -95 79 80 -55 -30 -11 -27 57 60 -12 -17 -13 -86 -32 -9 -1 89 -69 -34 7 -87 -49 27 90
40 64 -77 41 32 15 83 -12 -55 -12 44 28 -80 11 -95 -89 -30 -24 -19 23 13 33 -53 -41 -27 67 83 90 -90 -24 64 15 97 64 -40 -20 -50 -55 83 -80 78 -15 -17 64 41 -68 -25 -88 21 -46 -64 -85 5 -91 -41 -79 -86 -91 -29 79 40 -46 -71 62 54 -61 96 -87 -77 -6 2 -27 11 43 -3 5 -80 -18 -1 -44 -96
40 -82 -38 60 40 95 35 -30 7 -39 -43 -21 2 -46 57 25 91 -87 8 -24 -76 69 89 18 70 -83 -82 -74 -52 -77 6 -20 -13 -2 98 -74 -16 53 39 -42 -79 -19 -59 88 -22 -11 -1 -79 21 19 -99 -41 -93 -10 22 86 61 -38 -90 -47 99 19 60 76 -77 -71 -82 26 77 -48 66 90 0 -70 -47 -32 -69 -21 -73 -81 -64
40 97 -89 -91 5 71 -88 -37 74 -55 68 73 -72 45 52 94 46 51 -77 -61 -52 61 39 -68 76 -23 -47 28 7 -53 50 -54 10 -9 -93 -71 -64 -57 96 -13 78 36 19 -69 -29 77 -93 39 -27 -85 -53 93 0 -34 -82 0 57 95 31 -57 -67 26 9 86 99 -49 87 -21 -5 -62 -48 57 -76 14 -79 21 -55 -98 -22 72 -3
40 72 -43 -21 22 -52 87 -26 -63 67 13 36 16 54 75 -19 -59 34 -13 72 59 93 78 27 -58 63 59 -99 -52 7 51 -87 96 85 46 -62 -17 2 -31 80 -13 78 52 91 -53 -25 -49 22 -49 -94 63 82 -9 -42 -86 -93 -52 -26 57 -20 59 -7 -53 33 -69 -79 46 -30 32 26 11 -88 -40 -76 34 -52 -6 37 -33 -33 30
40 34 -87 -62 28 -18 -78 62 34 -59 65 -75 -57 -40 -87 64 38 -50 -86 -69 -98 25 97 10 92 0 -23 -99 9 0 88 -80 -39 96 58 20 -4 -77 1 16 -20 -33 -34 59 36 -79 27 -7 42 -47 -60 -66 -96 -88 -60 77 -99 -84 25 99 26 -75 -87 -53 0 -26 -42 -27 93 44 79 48 38 61 -28 -36 -32 -11 4 -38 43
40 -85 -54 -53 -67 -98 81 -29 -17 81 62 -45 59 -19 65 68 95 -44 -3 90 -91 -80 -82 -7 -49 39 28 72 -60 -12 -14 69 25 27 84 -4 61 -81 -99 -99 16 -85 96 -71 -96 41 5 63 69 -64 93 -72 4 23 -94 40 -65 -77 12 78 -62 44 -55 -27 54 88 39 -39 -50 -6 1 39 -36 41 69 -58 -64 90 22 64 27
40 16 98 92 -69 -59 66 -61 92 -62 -68 -70 -70 -4 86 80 75 -97 27 -21 32 61 22 -88 64 91 56 -30 -87 15 36 -39 -44 -96 -7 51 12 -42 53 -7 5 -80 -76 30 63 -19 47 -36 -83 79 -7 44 -71 -34 34 -1 42 -98 59 46 -26 9 0 -2 -76 -87 87 -75 -38 72 -48 60 -63 -93 59 42 69 46 96 -56 85
40 36 15 8 39 53 -64 -60 -98 -84 15 60 40 -26 95 -21 79 -38 26 91 67 -13 77 -40 31 -52 -60 82 59 -53 -69 -97 -27 -3 -97 -25 -54 -18 58 -71 -73 -16 -9 -43 13 -86 -61 62 53 -23 -14 -14 1 -92 -23 62 -84 93 96 -76 -75 -58 81 76 49 -12 -3 -93 10 -88 -33 -84 83 -40 -17 -62 -24 -57 -25 -37 -41
40 90 68 97 18 -50 29 98 94 2 -5 -5 -62 -2 -90 57 68 46 -33 22 -24 -91 53 7 20 -93 -77 58 -8 79 80 -50 -13 41 -85 -25 -47 -67 44 -49 -41 -58 27 -17 -45 -15 7 -3 62 13 17 -1 -31 -52 -55 68 66 92 69 35 -93 49 -35 52 12 -24 90 18 18 -15 63 62 -22 -18 -76 28 11 82 0 -3 -52
40 -61 81 -36 94 -91 97 -82 31 -7 15 37 -53 84 -33 53 -7 41 97 89 13 -61 -41 29 -99 -1 -61 -69 -75 -23 -58 -79 -81 73 25 -93 40 -22 -1 -70 7 86 83 91 -79 -78 56 92 -38 -1 -35 -96 -83 -66 33 7 -39 78 61 -55 93 55 -81 -13 53 80 45 71 76 46 -31 37 -32 61 -71 80 16 5 36 66 39
40 9 55 30 85 14 23 -95 70 -90 12 -19 97 18 48 -32 -89 25 68 -43 52 -84 -43 -71 -35 10 -63 -57 5 85 -59 25 24 43 63 -99 62 -65 93 -11 25 -10 43 5 96 67 80 -4 -69 -18 -45 -81 -1 88 -54 47 -65 33 23 73 38 18 33 -20 -2 78 12 -3 -31 -49 40 80 -98 20 -64 43 34 -86 -5 -45 34
40 26 93 -29 -72 -23 -52 -4 92 36 36 -74 49 -31 9 93 -80 94 58 58 -93 27 95 -39 54 -89 3 -27 34 -29 1 89 23 48 6 -19 34 96 6 -71 -61 -68 -42 3 -48 2 -3 86 34 81 89 84 -37 34 -83 -37 -75 -24 91 -70 0 -37 -54 0 -17 -63 -53 73 93 73 -1 -39 49 35 95 74 40 96 -47 38 66
40 33 -76 -72 1 -49 -5 -21 29 -62 -23 -94 18 -82 98 38 76 -10 98 30 60 36 30 -39 86 73 91 -43 -7 -67 67 -19 20 -48 -90 95 69 57 51 56 -28 -77 -33 -49 -43 -31 -32 -81 -49 -87 -23 88 73 22 40 -46 -9 -23 -79 -72 65 97 -38 -96 -16 43 -70 -45 -5 -54 42 -1 31 65 98 -32 62 -41 88 -91 -67
40 14 28 -58 51 -27 -3 -78 -14 82 86 -81 99 86 87 -47 -75 -77 -5 -73 -12 -91 -48 -34 -26 -93 -56 -81 -33 33 27 30 31 12 30 -60 94 -63 99 4 -25 -67 23 -80 -86 98 -72 31 91 7 48 89 38 -50 -5 73 42 -8 2 18 79 47 -15 66 -63 30 92 88 84 69 -18 94 -58 77 99 -23 -89 40 -2 -3 15
40 -73 -33 -22 -80 -23 19 -3 -36 72 -92 -56 -6 -41 -9 -47 19 -4 55 50 82 31 -94 43 -44 72 13 -11 72 -74 41 64 -91 -89 -46 -19 -16 3 -96 -39 -55 -90 23 21 81 34 -94 -17 -66 45 89 -55 -67 -8 -34 57 -37 79 -6 -84 -36 72 37 4 63 -1 -52 -53 -35 -48 -41 -46 72 66 45 37 99 46 22 3 10
40 -80 97 -54 60 21 87 -98 -8 67 0 -29 -70 -93 -5 -54 53 34 16 -22 -21 46 -76 -85 -82 -83 -2 35 -17 73 65 21 65 -32 -85 83 72 -97 26 92 -46 10 -74 23 97 -40 -49 -30 -63 70 -39 33 -77 22 -28 -58 -68 35 39 -87 48 98 -10 -1 -3 -57 -94 47 -44 -79 -27 -93 38 88 -7 0 -26 68 -22 -83 46
40 -37 -89 -71 74 -81 -93 89 44 7 58 23 -4 14 -18 52 -21 5 -32 -19 79 67 -57 -22 -78 89 -43 85 47 -22 -23 -16 3 -24 -72 -64 94 79 -36 -32 72 22 75 -20 -97 17 58 57 72 -76 -73 81 -7 43 -10 91 -45 6 -98 -83 -8 -62 80 -79 -94 -21 6 -17 22 -42 7 -58 -92 78 41 46 31 10 69 42 16
40 67 -56 7 28 51 -6 -6 -26 38 45 -11 54 -95 55 38 -65 46 70 53 80 -89 -63 -66 -73 -24 38 -50 24 3 94 -3 32 19 -92 70 97 3 67 -16 95 -8 -63 53 70 -59 96 0 -48 64 -22 -11 72 3 79 24 -12 -75 80 66 -94 -86 45 60 22 -37 40 39 95 -82 -43 -79 -83 77 54 -81 54 16 30 28 98
40 -81 -87 84 -18 7 -4 47 26 -60 -87 33 78 -38 64 -66 -29 88 94 -60 95 -83 34 15 -83 -85 7 48 0 5 -85 98 1 -95 -4 95 -25 -2 75 -5 65 42 11 -57 -70 75 -74 71 -58 -3 -44 50 -44 31 -90 38 56 -72 -59 -37 85 90 40 -54 -35 -77 75 28 -2 -42 -57 12 4 60 -16 -56 26 90 33 86 81
40 90 37 -89 -88 -2 19 -84 -23 -53 -75 37 68 -41 -72 57 -24 81 -67 -48 -20 -22 50 6 24 27 -32 38 -83 -52 24 -54 17 -20 86 -86 -16 56 33 -71 0 8 -35 -93 86 4 -71 81 -98 93 80 -15 29 51 82 34 -10 -16 34 90 -69 93 -32 -27 58 82 -18 -91 -28 -41 51 -85 -68 -42 -4 57 61 -72 25 19 92
40 79 -37 -94 37 82 -43 -85 45 -24 -14 14 -20 82 -39 48 -5 19 -69 2 55 -41 4 68 54 42 86 35 94 -65 33 30 -21 -36 -48 -49 76 78 18 18 15 54 -47 -14 -45 -26 -66 9 96 22 74 -43 0 16 57 -57 -62 -80 32 43 68 -62 -1 27 71 80 -44 7 0 -47 47 75 9 81 -1 32 -69 -67 47 48 -82
40 -75 84 -8 -52 0 2 40 26 49 -34 -61 47 -42 -1 83 -34 -33 10 24 40 -72 52 -30 13 -80 -80 40 -38 31 96 -85 89 -31 -36 -20 23 84 66 28 51 -98 -55 33 77 -82 -60 23 -67 -32 84 5 14 -71 76 -56 98 41 42 -47 83 48 -97 -86 -71 2 45 53 -66 -52 -94 -75 21 -50 -38 99 -16 50 -37 33 -69
40 35 78 7 -79 -11 -9 -6 15 -75 22 -33 -85 69 -77 -93 31 79 -3 0 -33 -23 7 -95 29 75 -59 -37 -24 93 38 51 -5 -74 22 -52 -65 47 98 73 -4 51 50 -62 51 83 41 -89 74 61 12 64 -10 64 92 99 47 -35 -64 -94 40 91 -31 -26 42 2 78 -2 17 -49 -65 93 -47 -86 45 -24 75 -11 -21 -98 15
40 14 20 -55 54 8 -90 -1 -70 -88 -68 67 -49 -7 -14 52 75 36 -58 -16 -90 49 65 -79 80 6 59 47 -53 -11 80 7 96 10 79 -3 -8 -84 40 46 10 14 45 43 56 55 -44 96 -27 2 33 -7 -67 3 88 -23 55 34 73 -22 7 -7 -70 -82 37 -70 -18 33 13 -5 99 42 -92 -19 -74 84 91 42 -26 69 95
40 83 -87 -37 -10 -24 31 39 35 -96 2 44 -17 16 -63 72 41 56 47 -76 -85 -35 -69 -55 -82 -79 -48 99 -31 21 -33 93 88 67 65 91 -35 36 -44 46 57 -68 91 -15 -25 -17 -57 72 -8 84 -71 -7 68 48 7 65 19 -47 34 50 -15 -31 92 45 73 -49 -90 32 -75 -36 -49 86 42 37 -84 -10 70 -81 23 72 51
40 -90 10 20 32 -23 38 75 74 2 14 -40 15 -35 -58 -41 58 -68 -4 94 -84 39 -60 8 -9 -49 -17 -91 -61 -40 82 -16 69 36 8 44 -55 -14 -38 -1 22 0 66 -98 -80 -1 -66 22 -70 19 3 42 -34 53 76 15 -16 4 -67 44 25 -53 58 74 -27 -24 -31 -40 -76 16 -55 17 87 81 93 9 -64 -36 -78 -16 53
40 27 -53 98 84 -98 -55 68 -15 -61 -66 -40 -37 26 -83 -31 -31 44 67 -85 68 -81 -10 69 -26 -8 -67 72 83 59 -12 -55 80 -25 -32 -58 63 -15 -39 82 38 98 88 69 -40 53 57 47 -52 -35 16 -84 60 47 -72 51 65 78 -51 -63 -35 -6 47 -38 -58 87 -58 -95 73 11 -27 -69 71 39 28 49 9 -14 -90 45 80
40 66 54 25 -36 63 20 11 29 99 40 -98 -36 -21 46 51 47 0 74 -21 67 -3 58 41 90 -82 -81 27 85 90 -63 57 20 84 -46 -37 20 -64 -35 -43 13 14 38 -73 42 -66 -39 -14 92 -53 -97 9 -19 60 -71 0 -15 99 51 -9 -58 -61 28 -68 -99 -39 15 -98 56 -64 83 51 46 -6 -97 24 -51 82 0 88 49
40 -24 94 -98 -71 29 -76 -51 -78 -43 56 -21 -84 9 -88 72 -63 42 75 74 77 43 -65 14 38 10 -75 66 6 -41 2 46 -25 -62 50 13 8 36 15 -16 -46 65 88 92 -76 87 -60 43 22 85 97 -33 72 -53 -94 -77 -19 45 -72 -22 -73 -1 39 97 4 88 -98 -39 97 -78 8 -41 12 10 37 85 63 62 98 -38 -61
40 47 -19 -76 8 36 16 5 -53 85 65 -58 -5 -53 13 37 -42 92 -90 14 55 29 -63 84 -89 -18 -76 -32 16 -66 7 -99 -58 98 -50 -55 36 13 -83 52 89 -75 24 -2 84 52 56 19 -66 19 67 -96 -76 12 66 -73 -55 -24 97 7 42 2 -86 90 -28 8 -34 85 88 80 88 7 44 -38 20 39 44 73 -66 -47 -89
40 -55 -99 11 -76 28 96 7 88 -5 41 -72 -16 78 98 -81 49 -42 -82 58 74 -50 44 -28 -70 2 3 19 -89 72 41 99 -46 -48 64 -20 58 -58 -47 6 0 47 -30 -92 64 79 73 -72 79 -67 27 33 91 37 -70 2 -59 58 50 -54 94 18 6 82 3 -71 -53 -95 -87 -76 -3 -41 17 -49 27 -17 88 26 -20 16 43
40 -77 48 33 12 68 -82 -88 -43 -50 -25 81 -6 -14 85 78 84 -29 65 -61 52 49 19 55 -39 -77 89 45 42 46 -7 40 6 -72 64 -59 93 73 17 69 -61 98 -84 -53 -17 -44 -29 20 -96 -23 69 90 23 -96 42 43 -69 -6 -34 44 93 -23 -83 10 -85 -49 90 92 -25 -13 65 1 -71 -63 -52 -82 19 17 -19 0 46
40 56 -58 27 -45 -25 -79 26 -92 -4 -7 -15 -9 -43 -11 96 -3 2 72 81 71 51 -68 -11 47 -99 74 28 45 -35 67 59 -18 -77 -7 69 -44 58 -62 65 -42 -30 40 -74 61 32 74 20 -40 99 90 -41 -14 17 -84 70 -98 34 31 -33 -21 96 16 4 57 94 65 -4 -83 56 8 -23 23 -37 -88 -15 19 -40 75 63 -6
40 65 -49 29 98 -62 -50 41 -26 -13 87 77 -78 20 39 -7 -94 98 -64 39 -90 -22 83 -68 -68 26 -62 -64 -43 -3 -79 61 -29 -71 -4 57 -27 -25 -3 50 31 13 37 -36 -42 48 -15 -62 37 67 -90 92 -12 -64 -61 59 -11 19 -17 7 -55 -91 -28 8 42 -75 94 59 -48 -4 50 5 -77 -23 13 80 -50 0 -73 -89 45
40 -61 23 -99 -13 -49 -14 45 -16 7 41 86 39 -31 20 52 43 95 52 -88 -39 -25 -62 -29 -24 -55 74 -55 -56 1 -24 -60 4 57 46 66 -80 -50 63 -69 -14 61 40 -85 77 -44 91 99 87 88 2 -55 -94 -9 -87 -36 1 -8 13 -75 -33 82 70 7 69 -24 77 50 -14 -33 46 -87 -54 59 37 90 74 -46 39 10 -28
40 -41 10 -54 74 29 65 -39 91 -1 -47 46 25 -18 -18 54 78 49 -52 -32 -38 -60 36 -54 95 84 19 67 30 -47 -48 4 -28 -35 71 -41 -64 -14 -85 93 17 52 -53 -6 -89 -57 -89 -24 -51 43 19 -11 8 -85 -30 -61 -51 27 -91 -42 -75 50 -55 53 48 -24 -85 82 -60 55 11 50 33 46 -19 -94 -8 -83 92 23 78
40 -73 -13 -57 65 43 11 -41 99 -15 -44 -73 -82 50 -31 90 40 61 -1 74 -82 -54 -64 76 76 79 -27 -23 19 -41 -10 6 -50 74 72 -86 54 -14 -40 28 24 57 -58 0 -48 62 1 0 68 -95 -86 -53 82 66 -98 -28 -39 58 -30 57 -71 32 99 90 -76 69 33 41 80 -97 42 -74 80 -43 -18 54 -48 -97 56 24 -63
40 -12 -19 -32 26 -64 -47 92 -14 93 -48 57 31 6 -51 -5 43 -98 -42 -76 25 66 -80 -14 -94 -3 -79 27 19 92 -23 -35 -73 4 53 61 -73 -22 -34 -47 -71 -95 28 -60 25 56 94 -2 33 -35 62 12 -43 54 81 -99 19 97 -65 -88 44 60 33 -24 4 51 -84 10 -61 -79 45 21 50 15 42 -75 -15 63 -73 -68 98
40 59 98 18 -79 -50 51 -82 23 -11 -70 -46 91 -58 -65 -31 16 32 82 51 0 1 -68 -75 93 -43 -32 88 -31 15 67 -13 -73 -7 -54 -94 -54 -59 -16 39 -1 2 -53 58 9 -24 14 10 89 59 0 78 27 -36 -7 43 79 65 -93 -36 16 6 -32 -90 84 -20 16 96 40 -77 60 27 -90 79 -45 -11 28 -88 42 -73 32
40 48 47 40 -75 53 28 -82 -86 85 95 -61 -52 37 -90 1 21 38 54 68 -3 98 -99 -2 -1 -33 54 -41 -39 0 15 96 -65 -77 -67 -55 -29 29 71 39 -21 -34 -98 59 -35 13 9 -78 69 -3 -65 -43 -14 -24 -50 21 -5 15 79 43 -4 4 -34 57 -31 9 96 51 28 -50 -15 60 -57 61 23 27 49 -52 12 83 39
40 84 62 -48 -39 -31 87 -70 -97 -14 -7 -27 -90 -12 -46 -98 -15 46 -90 81 -58 -17 61 -12 -46 -65 89 0 -32 -40 95 59 23 -57 -25 98 55 -2 22 -95 10 42 88 -69 54 -78 71 78 -82 -26 75 8 -64 2 28 -15 40 -45 60 -7 62 74 66 -23 -2 14 -59 -98 -12 90 97 89 89 -43 -5 -39 -31 86 43 -6 -16
40 -59 28 64 16 -12 40 -30 -87 94 28 72 62 23 -34 -82 15 -48 -41 -80 52 -21 83 -18 -9 -94 68 -40 -31 66 24 7 76 99 -67 -63 -27 26 88 19 -38 -63 16 -31 74 44 63 -78 15 10 -39 -32 -71 -97 -16 34 43 73 -2 84 -47 -47 1 39 -25 12 85 -32 -28 -90 -11 -35 60 65 -21 61 -12 80 61 -13 14
40 56 9 -81 75 7 34 57 64 50 1 -56 0 -59 -8 -37 -63 45 -84 -42 -36 -63 -7 -5 -36 76 1 -8 72 -16 93 63 -87 -42 96 -99 -66 -54 -99 17 -54 32 33 5 -26 -65 44 7 -96 -28 -20 -36 80 -87 -17 53 -94 -30 -99 53 -18 -90 -76 60 89 -9 -51 95 -74 74 79 37 64 23 -25 -6 -87 -55 38 -39 94
40 -31 -30 97 35 -52 70 41 2 -52 24 0 -54 -79 -52 42 7 36 19 -53 53 58 100 -4 77 30 39 85 43 86 86 -35 12 24 -92 -73 -79 60 1 15 53 24 52 35 -19 -13 -6 30 9 -13 98 -50 -97 67 -77 -72 -77 69 -28 -80 -30 -18 -68 -81 42 -71 -55 78 12 -26 -49 -10 -64 18 -3 26 81 -18 -82 1 -79
40 -66 -97 56 37 -19 -63 22 20 -37 48 -13 76 -40 -53 78 47 80 -34 31 -33 -81 -76 -68 10 -45 -4 93 24 87 11 90 44 -21 81 77 6 -22 -33 30 70 -64 77 34 -68 53 -63 54 -24 83 -14 -75 19 29 -40 -31 -80 61 -74 11 -32 -7 -5 -14 -30 28 17 78 -62 -49 64 54 55 23 -3 68 84 5 -62 16 51
40 -52 -48 -49 -7 -49 -71 -18 -15 -22 -10 13 49 90 19 -67 -36 -1 20 -19 -60 94 -84 -46 39 66 76 -51 63 62 18 87 -13 90 -58 -40 83 29 -71 8 9 -54 -77 -11 -8 81 68 -66 -25 7 -63 -39 -96 -90 35 -54 -34 -90 -82 -7 -19 -22 77 -52 -30 -66 -36 58 75 -78 93 44 81 15 -6 82 94 -27 -42 -51 34
40 -19 -62 55 -99 5 -27 1 60 7 53 -26 -71 9 45 32 71 -92 -41 8 -70 -12 -15 40 -35 42 -2 95 41 75 -68 91 54 51 -68 -46 -15 96 -95 50 31 17 -52 -79 -21 -74 82 -62 45 47 -2 28 -10 94 -2 -97 -92 88 66 86 96 10 66 32 27 -41 -45 1 -9 2 41 -22 66 4 -6 -79 -12 -2 -18 9 -75
40 -5 84 -6 -18 18 -43 93 39 22 60 -31 -94 -98 73 0 28 45 -24 4 -67 49 24 25 35 40 -80 -85 -9 3 -33 -45 23 -2 -48 35 11 36 -81 33 -29 -81 -30 -88 94 -19 89 -24 11 63 94 19 8 72 -74 -10 89 3 -18 -98 5 28 93 34 -61 -91 66 -59 -33 -63 -27 98 -8 57 -80 -57 71 -14 85 -99 14
40 -28 -59 -37 -2 10 49 24 59 -22 -30 -64 29 62 47 66 -53 -9 23 -47 -84 9 36 18 76 -74 -37 -55 26 -39 64 71 -44 -68 77 5 57 -92 -70 40 58 50 2 -72 44 2 -52 25 7 -91 -48 -28 -91 56 61 84 77 16 85 55 -71 55 59 -61 33 -87 -1 -23 -70 -83 -68 -96 83 -78 -68 44 8 53 -58 41 -39
40 -64 -90 -47 -22 -20 28 -61 -68 29 4 71 -71 -72 -64 -88 -70 92 -71 -40 -64 95 54 36 8 91 -59 -90 66 -75 9 0 -73 -48 87 -89 -65 -7 -48 -18 54 70 -31 43 -38 -61 -13 -44 4 53 22 95 -21 8 -73 17 -9 69 -58 2 -59 30 -36 -54 -91 41 6 -88 -27 10 74 -28 -56 52 -44 78 -59 -42 -58 -10 -98
40 -17 -31 -18 -56 -74 6 -17 68 -28 -19 58 -64 94 45 76 -10 96 -79 81 68 59 71 21 -22 91 77 -57 -38 -39 -42 92 -54 75 -15 68 96 24 -14 21 -38 -82 32 70 -61 -56 -69 -52 -65 15 13 1 -22 67 51 0 17 -86 -24 52 99 27 23 97 -58 -66 19 68 83 -11 -12 -16 71 35 6 86 14 -85 -77 71 -9
40 -98 0 -90 36 71 -49 -67 4 49 22 87 14 -51 -37 -5 -24 -36 -44 -55 -67 5 -36 70 78 59 -59 11 14 46 -42 -84 83 65 -74 97 -34 13 -61 2 -38 34 -76 -20 -56 15 23 -71 17 -20 4 -80 53 -27 -99 43 -51 -69 5 5 -33 86 4 -97 23 24 -29 -83 63 -57 16 -54 -8 14 -85 -82 -91 30 92 2 -84
40 0 -90 71 37 90 14 19 -76 -6 -99 85 81 89 61 14 99 -98 41 -27 13 14 14 58 81 -63 -39 -54 -89 98 82 74 0 51 -54 -65 55 67 -48 69 -68 1 59 -74 -46 13 -41 -11 82 24 -19 -72 75 88 -3 -8 96 -42 -38 -33 -68 32 -60 -40 82 -32 -82 99 61 -81 -9 23 -22 -86 46 54 -46 -75 -42 -84 25
40 -70 -41 -99 95 -66 57 -50 -16 39 -54 -62 -62 -47 41 28 56 -14 -35 12 -11 -36 41 65 -48 94 -44 58 38 -3 -49 44 62 -40 78 66 98 22 -78 98 -26 -50 73 72 72 82 -5 8 96 -49 -46 -24 -45 29 45 -62 22 -84 13 -20 -56 -94 61 -16 7 59 -26 55 88 -64 -53 -44 -23 63 37 41 63 -45 40 -17 58
40 -86 83 -49 54 49 -25 -63 41 -45 -22 -84 -15 37 46 90 -43 -13 10 -43 55 -40 -80 -2 -18 -38 61 -28 18 6 48 -9 77 -69 87 -49 -31 62 33 -83 -59 -3 -63 21 62 82 90 86 87 99 83 -88 -32 86 59 56 64 31 97 43 26 -18 -78 29 -27 67 26 48 -46 14 55 87 -67 28 -89 -92 55 38 12 43 59
40 -35 23 -78 -25 13 17 -80 -23 64 33 98 -42 -68 -8 50 43 -7 93 -28 51 -42 -92 16 -88 50 49 42 24 8 60 -7 11 -44 -13 42 7 -51 75 -68 -44 61 85 30 63 11 24 -38 69 -17 13 -94 85 48 86 24 55 61 37 -52 12 1 -84 -79 -34 52 64 -14 -21 0 -54 -7 -84 27 0 -8 -23 84 15 29 -86
40 -80 42 88 56 -47 -78 -8 19 73 88 2 43 -65 87 -30 23 38 79 -78 -16 -12 -27 -38 55 -24 59 -11 -87 -79 -8 72 -81 91 -32 19 -49 40 -28 -48 -57 99 -53 44 -79 28 -80 39 -31 -92 -17 73 95 32 -68 48 54 -76 72 85 65 -7 11 69 -92 -6 -92 50 -68 -10 28 97 44 -38 87 -35 30 13 -13 -15 65
40 55 59 -77 -28 -32 28 25 71 94 -18 3 11 84 -36 -46 -12 -73 -88 -9 -51 -19 -86 -25 25 87 -80 -88 -59 -77 92 17 62 88 -76 6 48 -73 -96 17 -50 -79 58 -82 -89 83 -30 14 -55 -1 -39 -95 -70 -94 81 88 68 -88 -19 89 0 96 73 -94 -15 14 -76 -80 -53 -47 23 -94 10 38 -90 61 99 -17 -18 98 47
40 -78 -32 -84 -17 -41 17 97 35 71 -58 -40 -63 -16 -1 -26 -58 52 -64 -88 64 -5 90 -71 58 91 69 -75 99 83 -17 7 43 16 -25 1 -1 41 36 20 72 16 3 38 62 -63 -34 -99 -77 24 -31 87 -15 -92 35 80 -21 -71 4 50 12 -9 -13 99 -34 10 -42 -4 49 -37 85 27 5 -1 99 99 70 14 -94 -76 0
40 -40 -35 9 68 52 21 -87 -62 6 -86 41 -78 18 39 88 -76 33 21 -10 -10 35 -55 47 -60 74 91 -27 33 -15 -21 35 -74 92 -6 98 60 97 42 -69 -17 -14 -74 -45 89 -14 18 47 -88 24 3 -71 52 82 21 -33 65 -88 -24 -57 6 -82 -21 -14 -67 66 58 26 85 15 -75 -1 43 -64 -99 -94 -36 17 31 2 3
