   1.2689712e-01   1.2210114e-01   7.5100174e-01
   1.9105099e-02   4.7518986e-02   9.3337592e-01
   4.8914962e-01   1.4329911e-01   3.6755126e-01
   6.6949727e-01   2.4575081e-01   8.4751920e-02
   5.2755438e-01   3.1928807e-01   1.5315755e-01
   1.0662411e-01   6.1031697e-01   2.8305892e-01
   1.2828518e-01   4.7047770e-02   8.2466705e-01
   3.8132802e-02   7.0791246e-02   8.9107595e-01
   6.2092583e-02   1.5600348e-01   7.8190394e-01
   2.9014957e-02   3.0819691e-01   6.6278813e-01
   6.3978885e-01   1.9730561e-01   1.6290553e-01
   4.2672311e-01   2.0433894e-01   3.6893795e-01
   7.7759463e-03   3.5216598e-02   9.5700746e-01
   1.0947195e-01   1.6349306e-01   7.2703498e-01
   9.0851574e-02   1.9721555e-01   7.1193287e-01
   7.6100588e-02   1.0277355e-01   8.2112586e-01
   6.8233759e-02   8.8100585e-02   8.4366566e-01
   9.4114524e-02   1.2365487e-01   7.8223061e-01
   2.6645873e-02   6.6231713e-02   9.0712241e-01
   2.9350221e-01   2.7621205e-01   4.3028574e-01
   6.7730140e-02   1.2223232e-01   8.1003754e-01
   1.7378917e-03   8.6849817e-03   9.8957713e-01
   9.2460317e-03   1.3878427e-02   9.7687554e-01
   5.2380952e-03   5.2288360e-03   9.8953307e-01
   7.9961800e-01   8.7725942e-02   1.1265606e-01
   5.9375597e-02   1.9278237e-01   7.4784204e-01
   1.3981198e-01   9.5799941e-02   7.6438808e-01
   7.6489941e-01   1.1092348e-01   1.2417711e-01
   6.2264523e-02   2.4904419e-01   6.8869129e-01
   7.9629630e-03   1.6530174e-02   9.7550686e-01
   3.3087122e-01   1.7376622e-01   4.9536255e-01
   6.3265149e-01   1.6377628e-01   2.0357223e-01
   3.5748057e-01   2.6569804e-01   3.7682139e-01
   6.5931074e-01   2.0500310e-01   1.3568615e-01
   3.6326935e-01   2.3353540e-01   4.0319526e-01
   1.3848565e-01   1.7753522e-01   6.8397913e-01
   1.8373453e-01   2.1479223e-01   6.0147325e-01
   1.8552147e-01   1.6459364e-01   6.4988489e-01
   2.0952134e-01   7.1838624e-02   7.1864004e-01
   2.2308229e-02   2.0369954e-02   9.5732182e-01
   4.8153403e-01   5.6316261e-02   4.6214971e-01
   3.3746597e-01   2.2459919e-01   4.3793484e-01
   2.5115694e-01   2.1768301e-01   5.3116006e-01
   1.6145110e-01   2.7510002e-01   5.6344888e-01
   1.8551659e-01   9.8388875e-02   7.1609453e-01
   1.5305730e-01   7.8781427e-02   7.6816127e-01
   2.2783300e-01   1.0104576e-01   6.7112124e-01
   4.9000224e-01   1.2267556e-01   3.8732220e-01
   2.5864744e-01   4.4579887e-01   2.9555369e-01
   3.7534946e-01   2.1486651e-01   4.0978404e-01
   1.8747930e-01   1.8246948e-01   6.3005122e-01
   3.0068097e-01   3.7927220e-01   3.2004683e-01
   4.0709722e-01   1.9661328e-01   3.9628950e-01
   2.6987233e-01   3.0945184e-01   4.2067583e-01
   2.5105326e-01   1.1707859e-01   6.3186815e-01
   1.6198109e-01   1.9731544e-01   6.4070346e-01
   2.4570231e-01   2.0055914e-01   5.5373855e-01
   1.2308511e-01   7.5502202e-02   8.0141269e-01
   2.5952654e-01   1.9306573e-01   5.4740773e-01
   2.8737651e-01   3.1631616e-01   3.9630733e-01
   1.4211103e-01   1.5640760e-01   7.0148137e-01
   1.8786140e-01   1.3955351e-01   6.7258509e-01
   2.5671983e-01   2.7490492e-01   4.6837525e-01
   1.3162739e-01   1.5415834e-01   7.1421427e-01
   1.4996143e-02   6.9136729e-02   9.1586713e-01
   4.8914962e-01   1.4329911e-01   3.6755126e-01
   6.6949727e-01   2.4575081e-01   8.4751920e-02
   5.2755438e-01   3.1928807e-01   1.5315755e-01
   9.3305097e-02   5.8875289e-01   3.1794202e-01
   1.0366814e-01   3.8656698e-02   8.5767517e-01
   4.8780932e-02   8.8430051e-02   8.6278902e-01
   1.0533204e-01   1.6223051e-01   7.3243745e-01
   2.9014957e-02   3.0819691e-01   6.6278813e-01
   6.3978885e-01   1.9730561e-01   1.6290553e-01
   4.2672311e-01   2.0433894e-01   3.6893795e-01
   1.8251933e-02   3.2029480e-02   9.4971859e-01
   1.0573856e-01   1.7272741e-01   7.2153404e-01
   9.0851574e-02   1.9721555e-01   7.1193287e-01
   7.6100588e-02   1.0277355e-01   8.2112586e-01
   6.8233759e-02   8.8100585e-02   8.4366566e-01
   1.8164398e-01   1.7594082e-01   6.4241520e-01
   2.6645873e-02   6.6231713e-02   9.0712241e-01
   2.9350221e-01   2.7621205e-01   4.3028574e-01
   9.3593582e-02   1.2787531e-01   7.7853111e-01
   2.9716117e-03   5.3891941e-03   9.9163919e-01
   4.8917749e-03   2.4215368e-02   9.7089286e-01
   5.2380952e-03   5.2288360e-03   9.8953307e-01
   7.9961800e-01   8.7725942e-02   1.1265606e-01
   5.9375597e-02   1.9278237e-01   7.4784204e-01
   1.5453001e-01   9.6417832e-02   7.4905216e-01
   6.9334922e-01   1.5575129e-01   1.5089948e-01
   6.2264523e-02   2.4904419e-01   6.8869129e-01
   1.3221501e-02   2.6122174e-02   9.6065633e-01
   3.3087122e-01   1.7376622e-01   4.9536255e-01
   6.3265149e-01   1.6377628e-01   2.0357223e-01
   3.5748057e-01   2.6569804e-01   3.7682139e-01
   6.5931074e-01   2.0500310e-01   1.3568615e-01
   3.6326935e-01   2.3353540e-01   4.0319526e-01
   8.8741009e-02   1.7505165e-01   7.3620734e-01
   1.5247493e-01   2.0978830e-01   6.3773676e-01
   1.8783703e-01   1.7550249e-01   6.3666048e-01
   2.0173736e-01   9.8285021e-02   6.9997762e-01
   2.2308229e-02   2.0369954e-02   9.5732182e-01
   4.8153403e-01   5.6316261e-02   4.6214971e-01
   3.3746597e-01   2.2459919e-01   4.3793484e-01
   2.5115694e-01   2.1768301e-01   5.3116006e-01
   1.6145110e-01   2.7510002e-01   5.6344888e-01
   1.8551659e-01   9.8388875e-02   7.1609453e-01
   1.5305730e-01   7.8781427e-02   7.6816127e-01
   1.8822702e-01   1.2647670e-01   6.8529628e-01
   5.2645044e-01   1.1995048e-01   3.5359908e-01
   2.5864744e-01   4.4579887e-01   2.9555369e-01
   4.1096214e-01   1.9963500e-01   3.8940286e-01
   2.4949369e-01   8.3068073e-02   6.6743823e-01
   3.1585770e-01   3.8942984e-01   2.9471246e-01
   4.0709722e-01   1.9661328e-01   3.9628950e-01
   2.6987233e-01   3.0945184e-01   4.2067583e-01
   2.3104082e-01   1.2164034e-01   6.4731885e-01
   1.6198109e-01   1.9731544e-01   6.4070346e-01
   2.5287711e-01   2.0366842e-01   5.4345447e-01
   1.2308511e-01   7.5502202e-02   8.0141269e-01
   2.7148953e-01   1.8764791e-01   5.4086255e-01
   2.7562904e-01   3.2437961e-01   3.9999135e-01
   1.4211103e-01   1.5640760e-01   7.0148137e-01
   1.7452765e-01   1.4316286e-01   6.8230950e-01
   2.7809053e-01   2.6662860e-01   4.5528087e-01
   1.3162739e-01   1.5415834e-01   7.1421427e-01
   1.4996143e-02   6.9136729e-02   9.1586713e-01
   4.8914962e-01   1.4329911e-01   3.6755126e-01
   6.6949727e-01   2.4575081e-01   8.4751920e-02
   5.2755438e-01   3.1928807e-01   1.5315755e-01
   9.3305097e-02   5.8875289e-01   3.1794202e-01
   1.0366814e-01   3.8656698e-02   8.5767517e-01
   4.8780932e-02   8.8430051e-02   8.6278902e-01
   1.0533204e-01   1.6223051e-01   7.3243745e-01
   2.9014957e-02   3.0819691e-01   6.6278813e-01
   6.3978885e-01   1.9730561e-01   1.6290553e-01
   4.2672311e-01   2.0433894e-01   3.6893795e-01
   1.8251933e-02   3.2029480e-02   9.4971859e-01
   1.0573856e-01   1.7272741e-01   7.2153404e-01
   9.0851574e-02   1.9721555e-01   7.1193287e-01
   7.6100588e-02   1.0277355e-01   8.2112586e-01
   6.8233759e-02   8.8100585e-02   8.4366566e-01
   1.8164398e-01   1.7594082e-01   6.4241520e-01
   2.6645873e-02   6.6231713e-02   9.0712241e-01
   2.9350221e-01   2.7621205e-01   4.3028574e-01
   9.3593582e-02   1.2787531e-01   7.7853111e-01
   2.9716117e-03   5.3891941e-03   9.9163919e-01
   4.8917749e-03   2.4215368e-02   9.7089286e-01
   5.2380952e-03   5.2288360e-03   9.8953307e-01
   7.9961800e-01   8.7725942e-02   1.1265606e-01
   5.9375597e-02   1.9278237e-01   7.4784204e-01
   1.5453001e-01   9.6417832e-02   7.4905216e-01
   6.9334922e-01   1.5575129e-01   1.5089948e-01
   6.2264523e-02   2.4904419e-01   6.8869129e-01
   1.3221501e-02   2.6122174e-02   9.6065633e-01
   3.3087122e-01   1.7376622e-01   4.9536255e-01
   6.3265149e-01   1.6377628e-01   2.0357223e-01
   3.5748057e-01   2.6569804e-01   3.7682139e-01
   6.5931074e-01   2.0500310e-01   1.3568615e-01
   3.6326935e-01   2.3353540e-01   4.0319526e-01
   8.8741009e-02   1.7505165e-01   7.3620734e-01
   1.5247493e-01   2.0978830e-01   6.3773676e-01
   1.8783703e-01   1.7550249e-01   6.3666048e-01
   2.0173736e-01   9.8285021e-02   6.9997762e-01
   2.2308229e-02   2.0369954e-02   9.5732182e-01
   4.8153403e-01   5.6316261e-02   4.6214971e-01
   3.3746597e-01   2.2459919e-01   4.3793484e-01
   2.5115694e-01   2.1768301e-01   5.3116006e-01
   1.6145110e-01   2.7510002e-01   5.6344888e-01
   1.8551659e-01   9.8388875e-02   7.1609453e-01
   1.5305730e-01   7.8781427e-02   7.6816127e-01
   1.8822702e-01   1.2647670e-01   6.8529628e-01
   5.2645044e-01   1.1995048e-01   3.5359908e-01
   2.5864744e-01   4.4579887e-01   2.9555369e-01
   4.1096214e-01   1.9963500e-01   3.8940286e-01
   2.4949369e-01   8.3068073e-02   6.6743823e-01
   3.1585770e-01   3.8942984e-01   2.9471246e-01
   4.0709722e-01   1.9661328e-01   3.9628950e-01
   2.6987233e-01   3.0945184e-01   4.2067583e-01
   2.3104082e-01   1.2164034e-01   6.4731885e-01
   1.6198109e-01   1.9731544e-01   6.4070346e-01
   2.5287711e-01   2.0366842e-01   5.4345447e-01
   1.2308511e-01   7.5502202e-02   8.0141269e-01
   2.7148953e-01   1.8764791e-01   5.4086255e-01
   2.7562904e-01   3.2437961e-01   3.9999135e-01
   1.4211103e-01   1.5640760e-01   7.0148137e-01
   1.7452765e-01   1.4316286e-01   6.8230950e-01
   2.7809053e-01   2.6662860e-01   4.5528087e-01
   1.3232148e-01   1.4220451e-01   7.2547401e-01
   1.9105099e-02   4.7518986e-02   9.3337592e-01
   4.8914962e-01   1.4329911e-01   3.6755126e-01
   6.6949727e-01   2.4575081e-01   8.4751920e-02
   5.2755438e-01   3.1928807e-01   1.5315755e-01
   1.1166410e-01   5.6721839e-01   3.2111751e-01
   1.2828518e-01   4.7047770e-02   8.2466705e-01
   4.1567867e-02   6.9743275e-02   8.8868886e-01
   6.2092583e-02   1.5600348e-01   7.8190394e-01
   2.9014957e-02   3.0819691e-01   6.6278813e-01
   6.3978885e-01   1.9730561e-01   1.6290553e-01
   4.2672311e-01   2.0433894e-01   3.6893795e-01
   7.7759463e-03   3.5216598e-02   9.5700746e-01
   1.3297358e-01   1.5630759e-01   7.1071883e-01
   9.0851574e-02   1.9721555e-01   7.1193287e-01
   7.6100588e-02   1.0277355e-01   8.2112586e-01
   6.8233759e-02   8.8100585e-02   8.4366566e-01
   1.8164398e-01   1.7594082e-01   6.4241520e-01
   2.6645873e-02   6.6231713e-02   9.0712241e-01
   2.9350221e-01   2.7621205e-01   4.3028574e-01
   6.7730140e-02   1.2223232e-01   8.1003754e-01
   7.6923077e-04   2.5677656e-03   9.9666300e-01
   8.6958874e-03   1.5485810e-02   9.7581830e-01
   5.2380952e-03   5.2288360e-03   9.8953307e-01
   8.6522998e-01   6.2303307e-02   7.2466713e-02
   5.9375597e-02   1.9278237e-01   7.4784204e-01
   1.3981198e-01   9.5799941e-02   7.6438808e-01
   6.9334922e-01   1.5575129e-01   1.5089948e-01
   4.7082945e-02   2.4582508e-01   7.0709197e-01
   4.4017094e-03   6.6488141e-03   9.8894948e-01
   3.6998256e-01   1.6489554e-01   4.6512190e-01
   6.3265149e-01   1.6377628e-01   2.0357223e-01
   4.1827458e-01   2.1668624e-01   3.6503918e-01
   6.5931074e-01   2.0500310e-01   1.3568615e-01
   2.9121333e-01   2.2810366e-01   4.8068301e-01
   1.2702017e-01   1.7341041e-01   6.9956942e-01
   1.8373453e-01   2.1479223e-01   6.0147325e-01
   1.7310079e-01   1.6890768e-01   6.5799154e-01
   2.0952134e-01   7.1838624e-02   7.1864004e-01
   1.2765272e-02   1.3608105e-02   9.7362662e-01
   4.8153403e-01   5.6316261e-02   4.6214971e-01
   3.3746597e-01   2.2459919e-01   4.3793484e-01
   2.5115694e-01   2.1768301e-01   5.3116006e-01
   1.6145110e-01   2.7510002e-01   5.6344888e-01
   1.8551659e-01   9.8388875e-02   7.1609453e-01
   1.5305730e-01   7.8781427e-02   7.6816127e-01
   2.1226255e-01   1.6090460e-01   6.2683284e-01
   4.7177434e-01   1.2164883e-01   4.0657683e-01
   1.9937158e-01   3.4342074e-01   4.5720768e-01
   4.6783535e-01   1.5915918e-01   3.7300547e-01
   1.8356498e-01   1.1940017e-01   6.9703485e-01
   2.9210407e-01   3.5274473e-01   3.5515119e-01
   4.0709722e-01   1.9661328e-01   3.9628950e-01
   1.7556421e-01   3.0714243e-01   5.1729335e-01
   2.1418039e-01   1.0559657e-01   6.8022304e-01
   1.7219800e-01   2.1783036e-01   6.0997164e-01
   2.8180833e-01   1.7178776e-01   5.4640392e-01
   1.2308511e-01   7.5502202e-02   8.0141269e-01
   2.6099470e-01   1.9655839e-01   5.4244691e-01
   2.5428555e-01   3.0939102e-01   4.3632343e-01
   1.4214811e-01   1.6815131e-01   6.8970058e-01
   1.7452765e-01   1.4316286e-01   6.8230950e-01
   2.7867022e-01   2.4487707e-01   4.7645271e-01
   1.4975669e-01   1.2585609e-01   7.2438722e-01
   1.9823353e-02   6.0082325e-02   9.2009432e-01
   4.8914962e-01   1.4329911e-01   3.6755126e-01
   6.6949727e-01   2.4575081e-01   8.4751920e-02
   5.2755438e-01   3.1928807e-01   1.5315755e-01
   1.0995721e-01   5.1695374e-01   3.7308905e-01
   1.2828518e-01   4.7047770e-02   8.2466705e-01
   4.1567867e-02   6.9743275e-02   8.8868886e-01
   1.0533204e-01   1.6223051e-01   7.3243745e-01
   2.9014957e-02   3.0819691e-01   6.6278813e-01
   6.3978885e-01   1.9730561e-01   1.6290553e-01
   4.2672311e-01   2.0433894e-01   3.6893795e-01
   7.7759463e-03   3.5216598e-02   9.5700746e-01
   1.1475220e-01   1.4942280e-01   7.3582499e-01
   9.0851574e-02   1.9721555e-01   7.1193287e-01
   7.6100588e-02   1.0277355e-01   8.2112586e-01
   6.8233759e-02   8.8100585e-02   8.4366566e-01
   1.8164398e-01   1.7594082e-01   6.4241520e-01
   2.6645873e-02   6.6231713e-02   9.0712241e-01
   2.9350221e-01   2.7621205e-01   4.3028574e-01
   9.5795649e-02   1.3888460e-01   7.6531976e-01
   1.2500000e-03   1.5887446e-03   9.9716126e-01
   8.6958874e-03   1.5485810e-02   9.7581830e-01
   5.2380952e-03   5.2288360e-03   9.8953307e-01
   7.9961800e-01   8.7725942e-02   1.1265606e-01
   5.9375597e-02   1.9278237e-01   7.4784204e-01
   1.3981198e-01   9.5799941e-02   7.6438808e-01
   6.9334922e-01   1.5575129e-01   1.5089948e-01
   5.1901367e-02   2.4205625e-01   7.0604238e-01
   7.9629630e-03   1.6530174e-02   9.7550686e-01
   3.6998256e-01   1.6489554e-01   4.6512190e-01
   6.3265149e-01   1.6377628e-01   2.0357223e-01
   3.5748057e-01   2.6569804e-01   3.7682139e-01
   6.5931074e-01   2.0500310e-01   1.3568615e-01
   3.6326935e-01   2.3353540e-01   4.0319526e-01
   1.3848565e-01   1.7753522e-01   6.8397913e-01
   1.5247493e-01   2.0978830e-01   6.3773676e-01
   1.8783703e-01   1.7550249e-01   6.3666048e-01
   2.0764820e-01   7.5163781e-02   7.1718802e-01
   2.2308229e-02   2.0369954e-02   9.5732182e-01
   4.4689900e-01   4.4985385e-02   5.0811562e-01
   3.3746597e-01   2.2459919e-01   4.3793484e-01
   2.5115694e-01   2.1768301e-01   5.3116006e-01
   1.6145110e-01   2.7510002e-01   5.6344888e-01
   1.8869130e-01   1.0994588e-01   7.0136282e-01
   1.5305730e-01   7.8781427e-02   7.6816127e-01
   2.1668788e-01   1.0476324e-01   6.7854889e-01
   4.3360388e-01   1.7659066e-01   3.8980546e-01
   2.5458175e-01   4.2463518e-01   3.2078308e-01
   4.1096214e-01   1.9963500e-01   3.8940286e-01
   2.4949369e-01   8.3068073e-02   6.6743823e-01
   3.1585770e-01   3.8942984e-01   2.9471246e-01
   4.0709722e-01   1.9661328e-01   3.9628950e-01
   2.6987233e-01   3.0945184e-01   4.2067583e-01
   2.3104082e-01   1.2164034e-01   6.4731885e-01
   1.4885607e-01   1.9262236e-01   6.5852157e-01
   2.4118513e-01   2.1247250e-01   5.4634237e-01
   1.2308511e-01   7.5502202e-02   8.0141269e-01
   2.5244487e-01   2.0929374e-01   5.3826138e-01
   2.7562904e-01   3.2437961e-01   3.9999135e-01
   1.4211103e-01   1.5640760e-01   7.0148137e-01
   1.7662135e-01   1.4949026e-01   6.7388839e-01
   2.7809053e-01   2.6662860e-01   4.5528087e-01
   1.2689712e-01   1.2210114e-01   7.5100174e-01
   2.2855099e-02   5.8986902e-02   9.1815800e-01
   5.6014855e-01   1.8904462e-01   2.5080683e-01
   5.2643213e-01   3.0531002e-01   1.6825784e-01
   5.3657615e-01   2.4831868e-01   2.1510517e-01
   1.4243447e-01   1.4284865e-01   7.1471688e-01
   8.0478202e-02   1.4428638e-01   7.7523541e-01
   2.6740417e-02   8.8442872e-02   8.8481671e-01
   7.0335683e-02   1.7855349e-01   7.5111082e-01
   6.3978885e-01   1.9730561e-01   1.6290553e-01
   2.8414745e-01   2.5730114e-01   4.5855141e-01
   6.2767253e-01   1.1281985e-01   2.5950762e-01
   2.8394069e-01   8.6463213e-02   6.2959610e-01
   7.3983224e-02   1.5949542e-01   7.6652136e-01
   9.0851574e-02   1.9721555e-01   7.1193287e-01
   3.7369709e-01   1.5797795e-01   4.6832495e-01
   7.6100588e-02   1.0277355e-01   8.2112586e-01
   5.5264199e-02   7.9580299e-02   8.6515550e-01
   1.5056512e-01   1.6107255e-01   6.8836233e-01
   1.4578053e-01   2.4896170e-01   6.0525777e-01
   1.3348859e-01   2.8582092e-01   5.8069049e-01
   1.4104162e-01   2.4068621e-01   6.1827217e-01
   8.2967033e-03   1.6591931e-02   9.7511137e-01
   8.1134878e-03   1.5332357e-02   9.7655415e-01
   7.9961800e-01   8.7725942e-02   1.1265606e-01
   7.3785483e-02   2.2492480e-01   7.0128972e-01
   1.6232770e-01   6.0481380e-02   7.7719092e-01
   4.1960716e-01   2.0910262e-01   3.7129022e-01
   1.2448454e-01   1.7654812e-01   6.9896734e-01
   1.1068376e-02   6.4720465e-03   9.8245958e-01
   1.9176622e-01   1.1439711e-01   6.9383667e-01
   3.9929993e-01   3.6966650e-01   2.3103357e-01
   4.7821882e-01   2.0604796e-01   3.1573322e-01
   3.1170031e-01   2.3913725e-01   4.4916244e-01
   3.5871213e-01   1.7329765e-01   4.6799023e-01
   2.7064549e-01   2.2086229e-01   5.0849223e-01
   1.0461120e-01   1.6175330e-01   7.3363551e-01
   4.1432715e-02   1.4246670e-02   9.4432061e-01
   9.0520715e-02   7.8581992e-02   8.3089729e-01
   7.7276265e-01   1.1084326e-01   1.1639409e-01
   1.6137483e-01   2.7803917e-01   5.6058600e-01
   3.2017746e-01   2.6467542e-01   4.1514711e-01
   2.2767949e-01   1.9685102e-01   5.7546949e-01
   1.8869130e-01   1.0994588e-01   7.0136282e-01
   2.4983897e-01   1.2401126e-01   6.2614978e-01
   1.1545145e-01   1.0612195e-01   7.7842661e-01
   1.8090721e-01   1.8204195e-01   6.3705084e-01
   2.6553789e-01   1.8274635e-01   5.5171577e-01
   2.4594717e-01   1.9385098e-01   5.6020184e-01
   2.3694479e-01   2.4270858e-01   5.2034663e-01
   9.8830059e-02   1.8807604e-01   7.1309391e-01
   1.4758447e-01   1.0762522e-01   7.4479031e-01
   5.3215937e-02   4.8131124e-02   8.9865294e-01
   1.6465953e-01   1.6299379e-01   6.7234668e-01
   3.9170352e-01   2.4505938e-01   3.6323710e-01
   3.2130384e-01   1.7440710e-01   5.0428906e-01
   2.7639894e-01   1.8673578e-01   5.3686528e-01
   1.7856986e-01   1.7849095e-01   6.4293919e-01
   8.0014754e-02   1.0024016e-01   8.1974509e-01
   3.5946436e-01   1.8451438e-01   4.5602126e-01
   3.5312712e-01   2.6889211e-01   3.7798077e-01
   1.0936095e-01   2.3399907e-01   6.5663998e-01
   2.8475760e-01   9.7441547e-02   6.1780085e-01
   1.3636160e-01   1.6550751e-01   6.9813090e-01
   3.0034022e-02   6.0894245e-02   9.0907173e-01
   5.6014855e-01   1.8904462e-01   2.5080683e-01
   5.2643213e-01   3.0531002e-01   1.6825784e-01
   5.3657615e-01   2.4831868e-01   2.1510517e-01
   1.3283489e-01   1.3909168e-01   7.2807343e-01
   1.1495434e-01   1.5547416e-01   7.2957151e-01
   6.2726745e-02   9.4696988e-02   8.4257627e-01
   7.4895022e-02   2.5007945e-01   6.7502553e-01
   6.3978885e-01   1.9730561e-01   1.6290553e-01
   2.8414745e-01   2.5730114e-01   4.5855141e-01
   6.2767253e-01   1.1281985e-01   2.5950762e-01
   2.8140401e-01   1.0892327e-01   6.0967272e-01
   9.2750931e-02   1.9404780e-01   7.1320127e-01
   1.1739468e-01   1.5724069e-01   7.2536463e-01
   3.7464948e-01   1.5940653e-01   4.6594400e-01
   7.6100588e-02   1.0277355e-01   8.2112586e-01
   5.5264199e-02   7.9580299e-02   8.6515550e-01
   1.3536550e-01   1.4893954e-01   7.1569495e-01
   1.3169073e-01   2.3167466e-01   6.3663461e-01
   1.3685917e-01   2.1378206e-01   6.4935877e-01
   1.2715642e-01   2.5292989e-01   6.1991369e-01
   2.0295584e-02   2.5635429e-02   9.5406899e-01
   6.5411255e-03   2.6002525e-02   9.6745635e-01
   7.9961800e-01   8.7725942e-02   1.1265606e-01
   1.0759999e-01   2.7024940e-01   6.2215061e-01
   2.3128369e-01   7.6918267e-02   6.9179804e-01
   4.1960716e-01   2.0910262e-01   3.7129022e-01
   1.1848436e-01   1.7652827e-01   7.0498737e-01
   1.1068376e-02   6.4720465e-03   9.8245958e-01
   2.3374668e-01   1.2617191e-01   6.4008141e-01
   3.9929993e-01   3.6966650e-01   2.3103357e-01
   4.7821882e-01   2.0604796e-01   3.1573322e-01
   3.1170031e-01   2.3913725e-01   4.4916244e-01
   3.5871213e-01   1.7329765e-01   4.6799023e-01
   3.0261143e-01   2.1258546e-01   4.8480311e-01
   8.4913179e-02   1.8687071e-01   7.2821611e-01
   7.9633478e-02   2.0189255e-02   9.0017727e-01
   9.0520715e-02   7.8581992e-02   8.3089729e-01
   7.7276265e-01   1.1084326e-01   1.1639409e-01
   1.6137483e-01   2.7803917e-01   5.6058600e-01
   2.7282269e-01   3.2124109e-01   4.0593622e-01
   2.2767949e-01   1.9685102e-01   5.7546949e-01
   1.8869130e-01   1.0994588e-01   7.0136282e-01
   2.4785510e-01   1.3951895e-01   6.1262595e-01
   1.1545145e-01   1.0612195e-01   7.7842661e-01
   1.8090721e-01   1.8204195e-01   6.3705084e-01
   2.3587742e-01   1.8126623e-01   5.8285635e-01
   2.4594717e-01   1.9385098e-01   5.6020184e-01
   2.3694479e-01   2.4270858e-01   5.2034663e-01
   9.8830059e-02   1.8807604e-01   7.1309391e-01
   1.7436035e-01   1.2202578e-01   7.0361387e-01
   5.3215937e-02   4.8131124e-02   8.9865294e-01
   1.7339503e-01   1.7375727e-01   6.5284770e-01
   3.9170352e-01   2.4505938e-01   3.6323710e-01
   3.1702262e-01   1.7140685e-01   5.1157053e-01
   2.5289425e-01   1.9148792e-01   5.5561783e-01
   1.4594520e-01   1.6041416e-01   6.9364064e-01
   8.0014754e-02   1.0024016e-01   8.1974509e-01
   3.5946436e-01   1.8451438e-01   4.5602126e-01
   3.5982113e-01   2.7160599e-01   3.6857288e-01
   1.0936095e-01   2.3399907e-01   6.5663998e-01
   2.8475760e-01   9.7441547e-02   6.1780085e-01
   1.1325161e-01   1.7218801e-01   7.1456038e-01
   2.7349317e-02   6.8962787e-02   9.0368790e-01
   5.6014855e-01   1.8904462e-01   2.5080683e-01
   5.2643213e-01   3.0531002e-01   1.6825784e-01
   5.3657615e-01   2.4831868e-01   2.1510517e-01
   1.0607859e-01   1.3264505e-01   7.6127635e-01
   8.7417540e-02   1.6159447e-01   7.5098799e-01
   6.2726745e-02   9.4696988e-02   8.4257627e-01
   6.6994172e-02   2.4164399e-01   6.9136183e-01
   6.3978885e-01   1.9730561e-01   1.6290553e-01
   2.8414745e-01   2.5730114e-01   4.5855141e-01
   6.2767253e-01   1.1281985e-01   2.5950762e-01
   2.7148877e-01   9.2264300e-02   6.3624693e-01
   9.2750931e-02   1.9404780e-01   7.1320127e-01
   8.1162717e-02   1.9004096e-01   7.2879632e-01
   3.7464948e-01   1.5940653e-01   4.6594400e-01
   7.6100588e-02   1.0277355e-01   8.2112586e-01
   5.5264199e-02   7.9580299e-02   8.6515550e-01
   1.3536550e-01   1.4893954e-01   7.1569495e-01
   1.4578053e-01   2.4896170e-01   6.0525777e-01
   1.5262844e-01   2.8894979e-01   5.5842177e-01
   1.2715642e-01   2.5292989e-01   6.1991369e-01
   8.2967033e-03   1.6591931e-02   9.7511137e-01
   6.5411255e-03   2.6002525e-02   9.6745635e-01
   7.9961800e-01   8.7725942e-02   1.1265606e-01
   7.2184528e-02   2.0444266e-01   7.2337281e-01
   2.3128369e-01   7.6918267e-02   6.9179804e-01
   4.1960716e-01   2.0910262e-01   3.7129022e-01
   1.1573965e-01   1.7273073e-01   7.1152962e-01
   1.1068376e-02   6.4720465e-03   9.8245958e-01
   2.3374668e-01   1.2617191e-01   6.4008141e-01
   3.9929993e-01   3.6966650e-01   2.3103357e-01
   4.2711085e-01   2.3479474e-01   3.3809441e-01
   3.1170031e-01   2.3913725e-01   4.4916244e-01
   3.5871213e-01   1.7329765e-01   4.6799023e-01
   3.0269001e-01   2.1209644e-01   4.8521355e-01
   1.0766762e-01   1.5207657e-01   7.4025581e-01
   7.2834536e-02   1.5692826e-02   9.1147264e-01
   1.1499716e-01   9.7335747e-02   7.8766709e-01
   7.7276265e-01   1.1084326e-01   1.1639409e-01
   1.6137483e-01   2.7803917e-01   5.6058600e-01
   2.7282269e-01   3.2124109e-01   4.0593622e-01
   2.2767949e-01   1.9685102e-01   5.7546949e-01
   1.8551659e-01   9.8388875e-02   7.1609453e-01
   2.4785510e-01   1.3951895e-01   6.1262595e-01
   1.1545145e-01   1.0612195e-01   7.7842661e-01
   1.8090721e-01   1.8204195e-01   6.3705084e-01
   2.3587742e-01   1.8126623e-01   5.8285635e-01
   2.2547958e-01   1.9907750e-01   5.7544292e-01
   2.1809873e-01   2.2426535e-01   5.5763592e-01
   9.9683969e-02   1.7157041e-01   7.2874562e-01
   1.7436035e-01   1.2202578e-01   7.0361387e-01
   5.3215937e-02   4.8131124e-02   8.9865294e-01
   1.6465953e-01   1.6299379e-01   6.7234668e-01
   3.9170352e-01   2.4505938e-01   3.6323710e-01
   3.2130384e-01   1.7440710e-01   5.0428906e-01
   2.7639894e-01   1.8673578e-01   5.3686528e-01
   1.4594520e-01   1.6041416e-01   6.9364064e-01
   8.1997983e-02   1.0995806e-01   8.0804396e-01
   3.6398276e-01   1.8302628e-01   4.5299095e-01
   3.5312712e-01   2.6889211e-01   3.7798077e-01
   1.3628369e-01   3.0251267e-01   5.6120364e-01
   2.9255140e-01   1.0116245e-01   6.0628615e-01
   1.2689712e-01   1.2210114e-01   7.5100174e-01
   2.4811365e-02   6.9460447e-02   9.0572819e-01
   5.6014855e-01   1.8904462e-01   2.5080683e-01
   5.2643213e-01   3.0531002e-01   1.6825784e-01
   5.3657615e-01   2.4831868e-01   2.1510517e-01
   1.2186111e-01   1.4073031e-01   7.3740858e-01
   1.1884642e-01   1.9800187e-01   6.8315171e-01
   4.4971778e-02   8.5414262e-02   8.6961396e-01
   7.0335683e-02   1.7855349e-01   7.5111082e-01
   6.3978885e-01   1.9730561e-01   1.6290553e-01
   2.8414745e-01   2.5730114e-01   4.5855141e-01
   6.2767253e-01   1.1281985e-01   2.5950762e-01
   2.7415091e-01   8.7780359e-02   6.3806873e-01
   9.2750931e-02   1.9404780e-01   7.1320127e-01
   8.1162717e-02   1.9004096e-01   7.2879632e-01
   3.7464948e-01   1.5940653e-01   4.6594400e-01
   7.6100588e-02   1.0277355e-01   8.2112586e-01
   5.5264199e-02   7.9580299e-02   8.6515550e-01
   1.3536550e-01   1.4893954e-01   7.1569495e-01
   1.4578053e-01   2.4896170e-01   6.0525777e-01
   1.3348859e-01   2.8582092e-01   5.8069049e-01
   1.3948005e-01   2.1981090e-01   6.4070905e-01
   8.2967033e-03   1.6591931e-02   9.7511137e-01
   6.5411255e-03   2.6002525e-02   9.6745635e-01
   7.9961800e-01   8.7725942e-02   1.1265606e-01
   5.9375597e-02   1.9278237e-01   7.4784204e-01
   2.4274084e-01   6.9042726e-02   6.8821643e-01
   4.1960716e-01   2.0910262e-01   3.7129022e-01
   1.6826360e-01   2.0807564e-01   6.2366076e-01
   1.1068376e-02   6.4720465e-03   9.8245958e-01
   2.3374668e-01   1.2617191e-01   6.4008141e-01
   3.9929993e-01   3.6966650e-01   2.3103357e-01
   4.7821882e-01   2.0604796e-01   3.1573322e-01
   3.1170031e-01   2.3913725e-01   4.4916244e-01
   3.5871213e-01   1.7329765e-01   4.6799023e-01
   3.0269001e-01   2.1209644e-01   4.8521355e-01
   9.3795477e-02   1.3396704e-01   7.7223748e-01
   7.2834536e-02   1.5692826e-02   9.1147264e-01
   9.0520715e-02   7.8581992e-02   8.3089729e-01
   7.7276265e-01   1.1084326e-01   1.1639409e-01
   1.6137483e-01   2.7803917e-01   5.6058600e-01
   3.2017746e-01   2.6467542e-01   4.1514711e-01
   2.2767949e-01   1.9685102e-01   5.7546949e-01
   1.8869130e-01   1.0994588e-01   7.0136282e-01
   2.3945568e-01   1.3077452e-01   6.2976980e-01
   1.2512894e-01   6.0671116e-02   8.1419995e-01
   1.8090721e-01   1.8204195e-01   6.3705084e-01
   2.6318490e-01   1.9284998e-01   5.4396512e-01
   2.4594717e-01   1.9385098e-01   5.6020184e-01
   2.8918044e-01   2.3190958e-01   4.7890998e-01
   9.8830059e-02   1.8807604e-01   7.1309391e-01
   1.7436035e-01   1.2202578e-01   7.0361387e-01
   5.3215937e-02   4.8131124e-02   8.9865294e-01
   1.8257410e-01   1.7094365e-01   6.4648225e-01
   3.9170352e-01   2.4505938e-01   3.6323710e-01
   3.2130384e-01   1.7440710e-01   5.0428906e-01
   3.0325539e-01   1.8474485e-01   5.1199975e-01
   1.1467818e-01   1.3795905e-01   7.4736277e-01
   1.0617421e-01   1.0587545e-01   7.8795033e-01
   3.5946436e-01   1.8451438e-01   4.5602126e-01
   3.5982113e-01   2.7160599e-01   3.6857288e-01
   1.3562353e-01   2.6753029e-01   5.9684618e-01
   2.8475760e-01   9.7441547e-02   6.1780085e-01
