   1.6743055e-01   1.4290380e-01   6.8966565e-01
   4.5889277e-02   6.4463897e-02   8.8964683e-01
   4.5118925e-01   1.5448911e-01   3.9432164e-01
   5.3158622e-01   2.9379258e-01   1.7462120e-01
   4.6664757e-01   3.7715562e-01   1.5619680e-01
   1.5158622e-01   4.6741378e-01   3.8100000e-01
   1.1485847e-01   8.4382275e-02   8.0075926e-01
   6.6666667e-02   1.6816993e-01   7.6516340e-01
   9.9544853e-02   1.5767316e-01   7.4278199e-01
   1.6804762e-01   2.8273280e-01   5.4921958e-01
   2.6734310e-01   3.1863970e-01   4.1401720e-01
   6.4701050e-01   1.6077810e-01   1.9221140e-01
   1.0000000e-02   3.9736874e-02   9.5026313e-01
   7.7645371e-02   1.8601621e-01   7.3633842e-01
   9.2805556e-02   1.9589105e-01   7.1130339e-01
   1.1111111e-02   2.0000000e-02   9.6888889e-01
   6.8315703e-02   1.1831481e-01   8.1336948e-01
   1.1844444e-01   1.0047222e-01   7.8108333e-01
   6.9974747e-02   1.2148413e-01   8.0854113e-01
   4.1236648e-01   2.7135270e-01   3.1628082e-01
   6.9981481e-02   2.2599206e-01   7.0402646e-01
   1.3692578e-01   2.1664057e-01   6.4643365e-01
   8.3333333e-04   1.9166667e-02   9.8000000e-01
   4.7619048e-04   2.2857143e-02   9.7666667e-01
   7.8918292e-01   8.6641907e-02   1.2417518e-01
   1.0765873e-01   2.1255556e-01   6.7978571e-01
   1.4430556e-01   1.2628872e-01   7.2940572e-01
   4.9511559e-01   1.7290362e-01   3.3198079e-01
   9.4480159e-02   2.0992857e-01   6.9559127e-01
   1.5833333e-02   2.3888889e-02   9.6027778e-01
   3.9856217e-01   2.0698148e-01   3.9445635e-01
   4.5334965e-01   3.0911353e-01   2.3753682e-01
   3.3554759e-01   2.3212717e-01   4.3232523e-01
   4.6122979e-01   2.7552781e-01   2.6324240e-01
   2.8413226e-01   1.7014857e-01   5.4571917e-01
   2.4119943e-01   4.1705756e-01   3.4174301e-01
   2.0133995e-01   2.5880580e-01   5.3985426e-01
   1.0265476e-01   5.7623016e-02   8.3972222e-01
   2.0315495e-01   5.9755106e-02   7.3708995e-01
   1.0296296e-01   1.2650950e-01   7.7052754e-01
   5.3634127e-01   1.7777432e-01   2.8588441e-01
   4.0521880e-01   2.9643486e-01   2.9834634e-01
   2.4456979e-01   1.8984688e-01   5.6558333e-01
   2.2508809e-01   2.2180699e-01   5.5310492e-01
   2.6936416e-01   1.2788584e-01   6.0275000e-01
   6.2685185e-02   1.0294444e-01   8.3437037e-01
   1.9042217e-01   9.4666213e-02   7.1491162e-01
   3.6011243e-01   1.7246838e-01   4.6741918e-01
   1.7453876e-01   3.9354945e-01   4.3191180e-01
   2.4243627e-01   2.8681217e-01   4.7075156e-01
   2.3289924e-01   1.9255302e-01   5.7454774e-01
   3.3666667e-02   6.7760175e-02   8.9857316e-01
   2.0475337e-01   1.4529878e-01   6.4994786e-01
   1.2750000e-01   1.8741570e-01   6.8508430e-01
   3.3869096e-01   1.8875601e-01   4.7255303e-01
   2.7069974e-01   3.0980026e-01   4.1950000e-01
   1.9653395e-01   1.7775409e-01   6.2571196e-01
   1.3636129e-01   1.6301587e-01   7.0062284e-01
   1.2262169e-01   1.1562489e-01   7.6175341e-01
   2.0282143e-01   2.6517605e-01   5.3200253e-01
   2.1455243e-01   1.8101323e-01   6.0443434e-01
   3.1751217e-01   1.6676150e-01   5.1572633e-01
   2.3743903e-01   2.3116722e-01   5.3139375e-01
   3.1654131e-01   1.8642430e-01   4.9703439e-01
   3.1654131e-01   1.8642430e-01   4.9703439e-01
   3.2265242e-01   1.7888462e-01   4.9846296e-01
   3.1931909e-01   1.7888462e-01   5.0179630e-01
   3.1987464e-01   1.8388462e-01   4.9624074e-01
   3.1987464e-01   1.8364652e-01   4.9647884e-01
   3.1987464e-01   1.8364652e-01   4.9647884e-01
   3.1654131e-01   1.8642430e-01   4.9703439e-01
   3.1654131e-01   1.8642430e-01   4.9703439e-01
   3.1987464e-01   1.8388462e-01   4.9624074e-01
   3.1987464e-01   1.7832906e-01   5.0179630e-01
   3.1654131e-01   1.8642430e-01   4.9703439e-01
   3.1987464e-01   1.7832906e-01   5.0179630e-01
   3.1987464e-01   1.8388462e-01   4.9624074e-01
   3.1987464e-01   1.8364652e-01   4.9647884e-01
   3.1654131e-01   1.8642430e-01   4.9703439e-01
   3.1654131e-01   1.8642430e-01   4.9703439e-01
   3.1987464e-01   1.8364652e-01   4.9647884e-01
   3.1987464e-01   1.8388462e-01   4.9624074e-01
   3.1987464e-01   1.8364652e-01   4.9647884e-01
   3.1987464e-01   1.8364652e-01   4.9647884e-01
   3.1654131e-01   1.8642430e-01   4.9703439e-01
   3.1987464e-01   1.8364652e-01   4.9647884e-01
   3.1654131e-01   1.8642430e-01   4.9703439e-01
   3.1987464e-01   1.8388462e-01   4.9624074e-01
   3.1987464e-01   1.7832906e-01   5.0179630e-01
   3.1987464e-01   1.8364652e-01   4.9647884e-01
   3.1987464e-01   1.8388462e-01   4.9624074e-01
   3.1654131e-01   1.8642430e-01   4.9703439e-01
   3.1654131e-01   1.8642430e-01   4.9703439e-01
   3.1987464e-01   1.8364652e-01   4.9647884e-01
   3.1987464e-01   1.8388462e-01   4.9624074e-01
   3.1931909e-01   1.7888462e-01   5.0179630e-01
   3.1987464e-01   1.8388462e-01   4.9624074e-01
   3.1931909e-01   1.7888462e-01   5.0179630e-01
   3.1987464e-01   1.8364652e-01   4.9647884e-01
   3.1987464e-01   1.8388462e-01   4.9624074e-01
   3.1654131e-01   1.8642430e-01   4.9703439e-01
   3.1987464e-01   1.8364652e-01   4.9647884e-01
   3.1654131e-01   1.7832906e-01   5.0512963e-01
   3.1987464e-01   1.8364652e-01   4.9647884e-01
   3.1931909e-01   1.7888462e-01   5.0179630e-01
   3.1931909e-01   1.7888462e-01   5.0179630e-01
   3.1987464e-01   1.8388462e-01   4.9624074e-01
   3.1654131e-01   1.7832906e-01   5.0512963e-01
   3.1987464e-01   1.7832906e-01   5.0179630e-01
   3.1987464e-01   1.8388462e-01   4.9624074e-01
   3.1931909e-01   1.7888462e-01   5.0179630e-01
   3.2731909e-01   1.8246795e-01   4.9021296e-01
   3.1987464e-01   1.8277350e-01   4.9735185e-01
   3.1987464e-01   1.8364652e-01   4.9647884e-01
   3.1987464e-01   1.7832906e-01   5.0179630e-01
   3.1654131e-01   1.8642430e-01   4.9703439e-01
   3.1654131e-01   1.7832906e-01   5.0512963e-01
   3.1987464e-01   1.8364652e-01   4.9647884e-01
   3.1987464e-01   1.8388462e-01   4.9624074e-01
   3.1987464e-01   1.7832906e-01   5.0179630e-01
   3.1987464e-01   1.8364652e-01   4.9647884e-01
   3.1654131e-01   1.8642430e-01   4.9703439e-01
   3.1987464e-01   1.8388462e-01   4.9624074e-01
   3.1987464e-01   1.8364652e-01   4.9647884e-01
   3.1987464e-01   1.8364652e-01   4.9647884e-01
   3.1987464e-01   1.7832906e-01   5.0179630e-01
   3.6267593e-01   1.6701587e-01   4.7030820e-01
   3.5823433e-01   1.6199735e-01   4.7976832e-01
   4.6923575e-01   1.5189303e-01   3.7887121e-01
   3.8952868e-01   1.6023671e-01   4.5023461e-01
   4.7240242e-01   1.4150414e-01   3.8609343e-01
   3.9723239e-01   1.3897745e-01   4.6379016e-01
   4.5806909e-01   1.3650414e-01   4.0542677e-01
   3.9684259e-01   1.8964995e-01   4.1350746e-01
   4.1404630e-01   1.7502032e-01   4.1093338e-01
   3.5378989e-01   1.5744180e-01   4.8876832e-01
   4.7573575e-01   1.3529202e-01   3.8897222e-01
   4.7714845e-01   1.4231367e-01   3.8053788e-01
   3.7849074e-01   1.6910847e-01   4.5240079e-01
   4.7895798e-01   1.3783748e-01   3.8320455e-01
   4.5801353e-01   1.6200414e-01   3.7998232e-01
   3.6378989e-01   1.5910847e-01   4.7710165e-01
   4.8162464e-01   1.4122637e-01   3.7714899e-01
   4.7192623e-01   1.4675811e-01   3.8131566e-01
   4.8823575e-01   1.4544859e-01   3.6631566e-01
   4.7651353e-01   1.3839303e-01   3.8509343e-01
   3.5908618e-01   1.5507143e-01   4.8584239e-01
   4.6662464e-01   1.4755970e-01   3.8581566e-01
   4.6590242e-01   1.5689303e-01   3.7720455e-01
   4.1100926e-01   1.7964995e-01   4.0934079e-01
   4.6542623e-01   1.5436922e-01   3.8020455e-01
   3.8362128e-01   1.4092189e-01   4.7545683e-01
   4.1504636e-01   1.4107401e-01   4.4387963e-01
   4.7192623e-01   1.4398033e-01   3.8409343e-01
   4.2017593e-01   1.8631662e-01   3.9350746e-01
   3.4464174e-01   1.6284921e-01   4.9250906e-01
   4.7429131e-01   1.3617081e-01   3.8953788e-01
   4.6573575e-01   1.3695869e-01   3.9730556e-01
   4.7373575e-01   1.3617081e-01   3.9009343e-01
   4.6829131e-01   1.4017081e-01   3.9153788e-01
   4.8398179e-01   1.5270256e-01   3.6331566e-01
   4.7714845e-01   1.4231367e-01   3.8053788e-01
   4.0325091e-01   1.3407004e-01   4.6267905e-01
   4.1267593e-01   1.7881662e-01   4.0850746e-01
   4.8131512e-01   1.4981367e-01   3.6887121e-01
   4.7159290e-01   1.4342478e-01   3.8498232e-01
   4.7923575e-01   1.4500414e-01   3.7576010e-01
   4.7542623e-01   1.5270256e-01   3.7187121e-01
   4.6429131e-01   1.4878192e-01   3.8692677e-01
   4.7406909e-01   1.3967081e-01   3.8626010e-01
   3.8658424e-01   1.4323671e-01   4.7017905e-01
   4.0056572e-01   1.3897745e-01   4.6045683e-01
   4.6714845e-01   1.3898033e-01   3.9387121e-01
   3.8702868e-01   1.6773671e-01   4.4523461e-01
   4.8714845e-01   1.4064700e-01   3.7220455e-01
   4.0101017e-01   1.5125523e-01   4.4773461e-01
   4.9179131e-01   1.4200414e-01   3.6620455e-01
   4.8656909e-01   1.4211526e-01   3.7131566e-01
   4.7209290e-01   1.4936922e-01   3.7853788e-01
   3.6880840e-01   1.6312698e-01   4.6806461e-01
   4.6859290e-01   1.3898033e-01   3.9242677e-01
   4.9445798e-01   1.4167081e-01   3.6387121e-01
   3.9684259e-01   1.8631662e-01   4.1684079e-01
   3.5908618e-01   1.6257143e-01   4.7834239e-01
   4.8064845e-01   1.5325811e-01   3.6609343e-01
   4.7245798e-01   1.3817081e-01   3.8937121e-01
   3.4908618e-01   1.5590476e-01   4.9500906e-01
   4.6118020e-01   1.5933748e-01   3.7948232e-01
   4.1629636e-01   1.3629226e-01   4.4741138e-01
   3.4367424e-01   1.1105195e-01   5.4527381e-01
   3.3034091e-01   9.9940837e-02   5.6971825e-01
   3.0867424e-01   1.0044084e-01   5.9088492e-01
   3.0867424e-01   1.0044084e-01   5.9088492e-01
   3.0867424e-01   1.0710750e-01   5.8421825e-01
   3.8422980e-01   1.3397258e-01   4.8179762e-01
   3.7803164e-01   1.2755433e-01   4.9441402e-01
   3.8089646e-01   1.3730592e-01   4.8179762e-01
   3.8978535e-01   1.1548052e-01   4.9473413e-01
   3.3034091e-01   1.0244084e-01   5.6721825e-01
   3.0867424e-01   1.0710750e-01   5.8421825e-01
   3.3034091e-01   1.0377417e-01   5.6588492e-01
   3.3367424e-01   9.9940837e-02   5.6638492e-01
   3.2589646e-01   1.1044084e-01   5.6366270e-01
   3.3034091e-01   1.0244084e-01   5.6721825e-01
   2.6070106e-01   2.8090497e-01   4.5839397e-01
   3.9346260e-01   1.3667893e-01   4.6985847e-01
   3.7367424e-01   1.1698052e-01   5.0934524e-01
   3.9122054e-01   1.2525036e-01   4.8352910e-01
   3.7181975e-01   1.3844877e-01   4.8973148e-01
   3.3367424e-01   1.0216306e-01   5.6416270e-01
   3.9044673e-01   1.3052814e-01   4.7902513e-01
   3.8756313e-01   1.3841703e-01   4.7401984e-01
   3.8867424e-01   1.3708369e-01   4.7424206e-01
   3.0867424e-01   1.0044084e-01   5.9088492e-01
   3.8978535e-01   1.2764719e-01   4.8256746e-01
   3.7867424e-01   1.1453608e-01   5.0678968e-01
   3.1922980e-01   1.0266306e-01   5.7810714e-01
   3.7515308e-01   1.3428211e-01   4.9056481e-01
   3.4034091e-01   1.0994084e-01   5.4971825e-01
   3.3367424e-01   1.0216306e-01   5.6416270e-01
   3.0867424e-01   1.0044084e-01   5.9088492e-01
   3.0867424e-01   1.0044084e-01   5.9088492e-01
   3.3034091e-01   1.0377417e-01   5.6588492e-01
   3.0867424e-01   1.0210750e-01   5.8921825e-01
   3.7181975e-01   1.3844877e-01   4.8973148e-01
   3.3700758e-01   1.0216306e-01   5.6082937e-01
   3.3367424e-01   9.9940837e-02   5.6638492e-01
   3.6645202e-01   1.0842496e-01   5.2512302e-01
   3.3034091e-01   9.9940837e-02   5.6971825e-01
   3.6290598e-01   1.5816545e-01   4.7892857e-01
   3.1922980e-01   1.0266306e-01   5.7810714e-01
   3.0867424e-01   1.0044084e-01   5.9088492e-01
   3.6034091e-01   1.1677417e-01   5.2288492e-01
   3.1922980e-01   1.0266306e-01   5.7810714e-01
   3.8867424e-01   1.3708369e-01   4.7424206e-01
   3.3034091e-01   9.9940837e-02   5.6971825e-01
   3.0867424e-01   1.0044084e-01   5.9088492e-01
   3.3034091e-01   1.0244084e-01   5.6721825e-01
   3.9364672e-01   1.3727656e-01   4.6907672e-01
   3.8699832e-01   1.2503608e-01   4.8796561e-01
   3.3034091e-01   1.0244084e-01   5.6721825e-01
   3.7443376e-01   1.4177656e-01   4.8378968e-01
   3.3367424e-01   9.9940837e-02   5.6638492e-01
   3.6367424e-01   1.1427417e-01   5.2205159e-01
   3.7181975e-01   1.4178211e-01   4.8639815e-01
   3.3034091e-01   9.9940837e-02   5.6971825e-01
   3.9517450e-01   1.3422100e-01   4.7060450e-01
   3.7776709e-01   1.3510989e-01   4.8712302e-01
   2.6070106e-01   2.8090497e-01   4.5839397e-01
   3.3700758e-01   1.0382973e-01   5.5916270e-01
   3.8235043e-01   1.3038767e-01   4.8726190e-01
   3.3034091e-01   9.9940837e-02   5.6971825e-01
   2.8247487e-01   1.3183801e-01   5.8568712e-01
   2.8247487e-01   1.3183801e-01   5.8568712e-01
   2.8247487e-01   1.3183801e-01   5.8568712e-01
   2.8247487e-01   1.3183801e-01   5.8568712e-01
   2.8247487e-01   1.3183801e-01   5.8568712e-01
   2.8247487e-01   1.3183801e-01   5.8568712e-01
   2.8247487e-01   1.3183801e-01   5.8568712e-01
   2.8247487e-01   1.3183801e-01   5.8568712e-01
   2.8247487e-01   1.3183801e-01   5.8568712e-01
   2.8247487e-01   1.3183801e-01   5.8568712e-01
   2.8247487e-01   1.3183801e-01   5.8568712e-01
   2.8247487e-01   1.3183801e-01   5.8568712e-01
   2.8247487e-01   1.3183801e-01   5.8568712e-01
   2.8247487e-01   1.3183801e-01   5.8568712e-01
   2.8247487e-01   1.3183801e-01   5.8568712e-01
   2.8247487e-01   1.3183801e-01   5.8568712e-01
   2.8247487e-01   1.3183801e-01   5.8568712e-01
   2.8247487e-01   1.3183801e-01   5.8568712e-01
   2.8247487e-01   1.3183801e-01   5.8568712e-01
   2.8247487e-01   1.3183801e-01   5.8568712e-01
   2.8247487e-01   1.3183801e-01   5.8568712e-01
   2.8247487e-01   1.3183801e-01   5.8568712e-01
   2.8247487e-01   1.3183801e-01   5.8568712e-01
   2.8247487e-01   1.3183801e-01   5.8568712e-01
   2.8247487e-01   1.3183801e-01   5.8568712e-01
   2.8247487e-01   1.3183801e-01   5.8568712e-01
   2.8247487e-01   1.3183801e-01   5.8568712e-01
   2.8247487e-01   1.2794912e-01   5.8957601e-01
   2.8247487e-01   1.3183801e-01   5.8568712e-01
   2.8247487e-01   1.3183801e-01   5.8568712e-01
   2.8247487e-01   1.3183801e-01   5.8568712e-01
   2.8766005e-01   1.3165283e-01   5.8068712e-01
   2.8247487e-01   1.3183801e-01   5.8568712e-01
   2.7580820e-01   1.3628246e-01   5.8790934e-01
   2.8247487e-01   1.3183801e-01   5.8568712e-01
   2.8247487e-01   1.3183801e-01   5.8568712e-01
   2.8247487e-01   1.3183801e-01   5.8568712e-01
   2.8247487e-01   1.3183801e-01   5.8568712e-01
   2.8247487e-01   1.3183801e-01   5.8568712e-01
   2.8247487e-01   1.3183801e-01   5.8568712e-01
   2.7914153e-01   1.3183801e-01   5.8902045e-01
   2.8247487e-01   1.3183801e-01   5.8568712e-01
   2.7580820e-01   1.3294912e-01   5.9124267e-01
   2.8247487e-01   1.3183801e-01   5.8568712e-01
   2.8247487e-01   1.3183801e-01   5.8568712e-01
   2.9408598e-01   1.1661579e-01   5.8929823e-01
   2.8247487e-01   1.3183801e-01   5.8568712e-01
   2.8099339e-01   1.3331950e-01   5.8568712e-01
   2.8380820e-01   1.2550468e-01   5.9068712e-01
   3.0312302e-01   1.1559727e-01   5.8127971e-01
   2.8247487e-01   1.3183801e-01   5.8568712e-01
   2.9978968e-01   1.1559727e-01   5.8461304e-01
   2.8247487e-01   1.2017135e-01   5.9735379e-01
   2.7580820e-01   1.3628246e-01   5.8790934e-01
   2.7247487e-01   1.2961579e-01   5.9790934e-01
   2.7580820e-01   1.4294912e-01   5.8124267e-01
   2.8247487e-01   1.3183801e-01   5.8568712e-01
   2.8247487e-01   1.3850468e-01   5.7902045e-01
   2.8247487e-01   1.2794912e-01   5.8957601e-01
   2.8978968e-01   1.1337505e-01   5.9683527e-01
   2.8247487e-01   1.3183801e-01   5.8568712e-01
   2.8247487e-01   1.3183801e-01   5.8568712e-01
   2.8675938e-01   1.2064778e-01   5.9259284e-01
   4.0353694e-01   2.4113730e-01   3.5532576e-01
   4.5270361e-01   2.1229867e-01   3.3499772e-01
   4.1770361e-01   2.3530396e-01   3.4699242e-01
   4.2103694e-01   2.3197063e-01   3.4699242e-01
   4.1770361e-01   2.3530396e-01   3.4699242e-01
   4.1770361e-01   2.3530396e-01   3.4699242e-01
   4.1770361e-01   2.3530396e-01   3.4699242e-01
   4.1770361e-01   2.3530396e-01   3.4699242e-01
   4.2103694e-01   2.3197063e-01   3.4699242e-01
   4.4330967e-01   2.1169261e-01   3.4499772e-01
   4.1770361e-01   2.3530396e-01   3.4699242e-01
   4.1770361e-01   2.3530396e-01   3.4699242e-01
   3.8529620e-01   2.2865185e-01   3.8605195e-01
   4.1770361e-01   2.3530396e-01   3.4699242e-01
   4.1437028e-01   2.3863730e-01   3.4699242e-01
   3.4023319e-01   1.7632777e-01   4.8343903e-01
   3.9029620e-01   2.2976296e-01   3.7994084e-01
   4.1103694e-01   2.4197063e-01   3.4699242e-01
   4.1372481e-01   1.9098431e-01   3.9529088e-01
   4.1770361e-01   2.3530396e-01   3.4699242e-01
   4.1242583e-01   2.4405793e-01   3.4351623e-01
   4.2103694e-01   2.3197063e-01   3.4699242e-01
   4.0270361e-01   2.4197063e-01   3.5532576e-01
   3.8696287e-01   2.2698518e-01   3.8605195e-01
   4.1437028e-01   2.3863730e-01   3.4699242e-01
   4.1770361e-01   2.3530396e-01   3.4699242e-01
   4.1437028e-01   2.3863730e-01   3.4699242e-01
   4.1770361e-01   2.3530396e-01   3.4699242e-01
   4.1270361e-01   2.3697063e-01   3.5032576e-01
   3.8946287e-01   2.2781851e-01   3.8271861e-01
   4.1770361e-01   2.3530396e-01   3.4699242e-01
   4.1770361e-01   2.3530396e-01   3.4699242e-01
   4.1770361e-01   2.3530396e-01   3.4699242e-01
   4.1770361e-01   2.3530396e-01   3.4699242e-01
   4.1103694e-01   2.3863730e-01   3.5032576e-01
   4.2103694e-01   2.3197063e-01   3.4699242e-01
   4.1770361e-01   2.3530396e-01   3.4699242e-01
   4.1770361e-01   2.3530396e-01   3.4699242e-01
   4.2937028e-01   2.2563730e-01   3.4499242e-01
   4.1770361e-01   2.3530396e-01   3.4699242e-01
   4.1770361e-01   2.3530396e-01   3.4699242e-01
   4.2103694e-01   2.3197063e-01   3.4699242e-01
   4.1770361e-01   2.3530396e-01   3.4699242e-01
   4.1770361e-01   2.3530396e-01   3.4699242e-01
   4.2103694e-01   2.3197063e-01   3.4699242e-01
   4.1770361e-01   2.3530396e-01   3.4699242e-01
   4.2103694e-01   2.3197063e-01   3.4699242e-01
   4.1770361e-01   2.3530396e-01   3.4699242e-01
   4.1770361e-01   2.3530396e-01   3.4699242e-01
   4.2103694e-01   2.3197063e-01   3.4699242e-01
   4.1770361e-01   2.3530396e-01   3.4699242e-01
   4.1770361e-01   2.3530396e-01   3.4699242e-01
   4.2103694e-01   2.3197063e-01   3.4699242e-01
   4.2909250e-01   2.3191508e-01   3.3899242e-01
   4.1770361e-01   2.3530396e-01   3.4699242e-01
   4.2103694e-01   2.3197063e-01   3.4699242e-01
   4.1770361e-01   2.3530396e-01   3.4699242e-01
   4.2047598e-01   1.9165281e-01   3.8787121e-01
   4.1770361e-01   2.3530396e-01   3.4699242e-01
   4.1770361e-01   2.3530396e-01   3.4699242e-01
   4.3992583e-01   2.2822460e-01   3.3184957e-01
   4.1770361e-01   2.3530396e-01   3.4699242e-01
   4.1770361e-01   2.3530396e-01   3.4699242e-01
   3.9559127e-01   1.3414123e-01   4.7026750e-01
   3.7909656e-01   1.0384361e-01   5.1705983e-01
   3.9892460e-01   1.3208995e-01   4.6898545e-01
   3.9892460e-01   1.3208995e-01   4.6898545e-01
   3.9892460e-01   1.3208995e-01   4.6898545e-01
   4.0763889e-01   1.3542328e-01   4.5693783e-01
   3.8573016e-01   1.1622456e-01   4.9804528e-01
   3.9892460e-01   1.3208995e-01   4.6898545e-01
   3.7909656e-01   1.0384361e-01   5.1705983e-01
   4.0763889e-01   1.3542328e-01   4.5693783e-01
   3.9892460e-01   1.3208995e-01   4.6898545e-01
   3.9892460e-01   1.3208995e-01   4.6898545e-01
   3.9892460e-01   1.3208995e-01   4.6898545e-01
   3.9892460e-01   1.3208995e-01   4.6898545e-01
   3.9559127e-01   1.3080790e-01   4.7360083e-01
   3.6016979e-01   3.0846463e-01   3.3136558e-01
   3.7909656e-01   1.0384361e-01   5.1705983e-01
   3.8892460e-01   1.2747456e-01   4.8360083e-01
   3.9892460e-01   1.3208995e-01   4.6898545e-01
   3.9559127e-01   1.3080790e-01   4.7360083e-01
   3.9892460e-01   1.3208995e-01   4.6898545e-01
   3.9559127e-01   1.2747456e-01   4.7693417e-01
   3.7576323e-01   1.0384361e-01   5.2039316e-01
   3.9225794e-01   1.3080790e-01   4.7693417e-01
   3.9892460e-01   1.3208995e-01   4.6898545e-01
   3.9892460e-01   1.3208995e-01   4.6898545e-01
   3.9892460e-01   1.3208995e-01   4.6898545e-01
   3.9892460e-01   1.3208995e-01   4.6898545e-01
   3.9892460e-01   1.3208995e-01   4.6898545e-01
   3.7576323e-01   1.0384361e-01   5.2039316e-01
   3.9892460e-01   1.3208995e-01   4.6898545e-01
   3.9892460e-01   1.3208995e-01   4.6898545e-01
   3.9892460e-01   1.3208995e-01   4.6898545e-01
   3.9892460e-01   1.3208995e-01   4.6898545e-01
   3.9892460e-01   1.3208995e-01   4.6898545e-01
   3.9892460e-01   1.3208995e-01   4.6898545e-01
   3.9892460e-01   1.3208995e-01   4.6898545e-01
   3.9892460e-01   1.3208995e-01   4.6898545e-01
   3.9892460e-01   1.3208995e-01   4.6898545e-01
   3.9892460e-01   1.3208995e-01   4.6898545e-01
   3.9892460e-01   1.3208995e-01   4.6898545e-01
   3.9892460e-01   1.3208995e-01   4.6898545e-01
   3.9892460e-01   1.3208995e-01   4.6898545e-01
   3.9892460e-01   1.3208995e-01   4.6898545e-01
   3.9892460e-01   1.3208995e-01   4.6898545e-01
   3.9892460e-01   1.3208995e-01   4.6898545e-01
   3.9892460e-01   1.3208995e-01   4.6898545e-01
   3.9892460e-01   1.3208995e-01   4.6898545e-01
   3.9892460e-01   1.3208995e-01   4.6898545e-01
   3.9892460e-01   1.3208995e-01   4.6898545e-01
   3.9892460e-01   1.3208995e-01   4.6898545e-01
   3.9892460e-01   1.3208995e-01   4.6898545e-01
   3.9892460e-01   1.3208995e-01   4.6898545e-01
   3.9892460e-01   1.3208995e-01   4.6898545e-01
   3.9892460e-01   1.3208995e-01   4.6898545e-01
   3.9892460e-01   1.3208995e-01   4.6898545e-01
   3.9892460e-01   1.3208995e-01   4.6898545e-01
   3.9892460e-01   1.3208995e-01   4.6898545e-01
   3.9892460e-01   1.3208995e-01   4.6898545e-01
   3.6016979e-01   3.0846463e-01   3.3136558e-01
   3.9892460e-01   1.3208995e-01   4.6898545e-01
   3.9892460e-01   1.3208995e-01   4.6898545e-01
   3.9892460e-01   1.3208995e-01   4.6898545e-01
   3.8240741e-01   1.4251323e-01   4.7507937e-01
   3.8240741e-01   1.4251323e-01   4.7507937e-01
   3.8694444e-01   1.4745238e-01   4.6560317e-01
   3.8694444e-01   1.4745238e-01   4.6560317e-01
   3.8694444e-01   1.4745238e-01   4.6560317e-01
   3.8240741e-01   1.4251323e-01   4.7507937e-01
   3.8240741e-01   1.4251323e-01   4.7507937e-01
   3.8240741e-01   1.4251323e-01   4.7507937e-01
   3.8240741e-01   1.4251323e-01   4.7507937e-01
   3.8240741e-01   1.4251323e-01   4.7507937e-01
   3.8694444e-01   1.4745238e-01   4.6560317e-01
   3.8694444e-01   1.4745238e-01   4.6560317e-01
   3.8240741e-01   1.4051323e-01   4.7707937e-01
   3.8694444e-01   1.4745238e-01   4.6560317e-01
   3.8240741e-01   1.4251323e-01   4.7507937e-01
   3.2109295e-01   2.5308754e-01   4.2581950e-01
   3.8240741e-01   1.4251323e-01   4.7507937e-01
   3.8240741e-01   1.4251323e-01   4.7507937e-01
   3.8694444e-01   1.4745238e-01   4.6560317e-01
   3.8240741e-01   1.4251323e-01   4.7507937e-01
   3.8240741e-01   1.4251323e-01   4.7507937e-01
   3.8240741e-01   1.4251323e-01   4.7507937e-01
   3.8240741e-01   1.4251323e-01   4.7507937e-01
   3.8240741e-01   1.4251323e-01   4.7507937e-01
   3.8694444e-01   1.4745238e-01   4.6560317e-01
   3.8240741e-01   1.4251323e-01   4.7507937e-01
   3.8240741e-01   1.4251323e-01   4.7507937e-01
   3.8694444e-01   1.4745238e-01   4.6560317e-01
   3.8777778e-01   1.4328571e-01   4.6893651e-01
   3.8240741e-01   1.4251323e-01   4.7507937e-01
   3.8574074e-01   1.3551323e-01   4.7874603e-01
   3.8694444e-01   1.4745238e-01   4.6560317e-01
   3.8694444e-01   1.4745238e-01   4.6560317e-01
   3.8694444e-01   1.4745238e-01   4.6560317e-01
   3.8694444e-01   1.4745238e-01   4.6560317e-01
   3.8444444e-01   1.4995238e-01   4.6560317e-01
   3.8240741e-01   1.4251323e-01   4.7507937e-01
   3.7907407e-01   1.3551323e-01   4.8541270e-01
   3.8694444e-01   1.4745238e-01   4.6560317e-01
   3.8694444e-01   1.4745238e-01   4.6560317e-01
   3.8694444e-01   1.4745238e-01   4.6560317e-01
   3.8694444e-01   1.4745238e-01   4.6560317e-01
   3.8694444e-01   1.4745238e-01   4.6560317e-01
   3.8694444e-01   1.4745238e-01   4.6560317e-01
   3.8694444e-01   1.4745238e-01   4.6560317e-01
   3.8240741e-01   1.4251323e-01   4.7507937e-01
   3.8694444e-01   1.4745238e-01   4.6560317e-01
   3.8694444e-01   1.4745238e-01   4.6560317e-01
   3.8694444e-01   1.4745238e-01   4.6560317e-01
   3.8694444e-01   1.4745238e-01   4.6560317e-01
   3.8240741e-01   1.4251323e-01   4.7507937e-01
   3.8240741e-01   1.4251323e-01   4.7507937e-01
   3.8907407e-01   1.3551323e-01   4.7541270e-01
   3.8240741e-01   1.4251323e-01   4.7507937e-01
   3.8694444e-01   1.4745238e-01   4.6560317e-01
   3.8240741e-01   1.4251323e-01   4.7507937e-01
   3.8777778e-01   1.4328571e-01   4.6893651e-01
   3.8694444e-01   1.4745238e-01   4.6560317e-01
   3.8240741e-01   1.4251323e-01   4.7507937e-01
   3.2109295e-01   2.5308754e-01   4.2581950e-01
   3.8240741e-01   1.4251323e-01   4.7507937e-01
   3.8240741e-01   1.4251323e-01   4.7507937e-01
   3.8694444e-01   1.4745238e-01   4.6560317e-01
   1.5169179e-01   1.7734127e-01   6.7096694e-01
   4.5882784e-02   9.7518010e-02   8.5659921e-01
   4.9771826e-01   1.9052277e-01   3.1175897e-01
   5.1968105e-01   3.0568437e-01   1.7463458e-01
   5.3488325e-01   2.1058183e-01   2.5453492e-01
   1.5346296e-01   1.8348148e-01   6.6305556e-01
   1.3529654e-01   2.5297114e-01   6.1173232e-01
   5.5900673e-02   8.8009380e-02   8.5608995e-01
   4.9055556e-02   2.4281987e-01   7.0812458e-01
   5.6490428e-01   2.6965599e-01   1.6543973e-01
   2.7224677e-01   2.3835654e-01   4.8939670e-01
   6.0530778e-01   1.2818585e-01   2.6650637e-01
   2.8664175e-01   8.9287157e-02   6.2407110e-01
   1.0706380e-01   1.9560171e-01   6.9733449e-01
   1.1783333e-01   1.5994444e-01   7.2222222e-01
   3.5777401e-01   2.0712149e-01   4.3510450e-01
   4.6875745e-02   1.3750381e-01   8.1562045e-01
   5.2166667e-02   1.2618422e-01   8.2164911e-01
   1.8123213e-01   1.3267641e-01   6.8609146e-01
   1.4663441e-01   2.7210429e-01   5.8126129e-01
   2.0998993e-01   2.5781609e-01   5.3219398e-01
   1.5092593e-01   2.7566703e-01   5.7340705e-01
   1.7513228e-02   1.5000000e-02   9.6748677e-01
   8.1666667e-03   1.9928571e-02   9.7190476e-01
   7.8918292e-01   8.6641907e-02   1.2417518e-01
   1.0801587e-01   2.3650000e-01   6.5548413e-01
   2.2100830e-01   1.0552609e-01   6.7346561e-01
   3.8759748e-01   1.6766945e-01   4.4473307e-01
   1.3701010e-01   1.7176852e-01   6.9122138e-01
   1.2870370e-02   1.2129630e-02   9.7500000e-01
   2.1131000e-01   1.5742063e-01   6.3126936e-01
   3.9652665e-01   3.7323162e-01   2.3024173e-01
   4.3951655e-01   2.4337374e-01   3.1710971e-01
   2.3995043e-01   2.8681376e-01   4.7323581e-01
   3.7080812e-01   2.1812096e-01   4.1107092e-01
   2.7007417e-01   2.7422487e-01   4.5570097e-01
   1.2731746e-01   1.7688095e-01   6.9580159e-01
   7.2182540e-02   1.9067460e-02   9.0875000e-01
   1.2102381e-01   1.0848449e-01   7.7049170e-01
   7.7215673e-01   1.4510457e-01   8.2738696e-02
   1.9713018e-01   2.7554810e-01   5.2732172e-01
   2.6321320e-01   2.9085561e-01   4.4593119e-01
   2.0377585e-01   2.0908605e-01   5.8713809e-01
   2.1089394e-01   7.0082492e-02   7.1902357e-01
   2.3530291e-01   1.3410124e-01   6.3059585e-01
   8.2777778e-02   1.0595238e-01   8.1126984e-01
   2.0096489e-01   2.0617061e-01   5.9286451e-01
   2.6645507e-01   1.4559291e-01   5.8795202e-01
   1.9408883e-01   2.3197490e-01   5.7393627e-01
   1.6247751e-01   3.1564177e-01   5.2188071e-01
   1.2887566e-01   1.5916667e-01   7.1195767e-01
   1.7626190e-01   1.1539683e-01   7.0834127e-01
   6.1394180e-02   6.6435185e-02   8.7217063e-01
   1.7527513e-01   1.6050156e-01   6.6422330e-01
   3.2425337e-01   2.6299952e-01   4.1274711e-01
   3.3918350e-01   2.3048533e-01   4.3033117e-01
   2.3936640e-01   1.9821697e-01   5.6241663e-01
   1.7095135e-01   1.8797511e-01   6.4107354e-01
   1.1087302e-01   1.7891270e-01   7.1021429e-01
   3.5682957e-01   2.1212149e-01   4.3104894e-01
   3.5042344e-01   3.0323278e-01   3.4634379e-01
   1.8095106e-01   2.7253571e-01   5.4651323e-01
   2.4002495e-01   1.3976654e-01   6.2020851e-01
