5000
82260
47661
62997
5176
95685
78247
2628
60284
3858
46703
77868
14027
40364
35564
41365
57729
33446
3486
36910
50686
83191
66284
18882
74337
61529
9373
77365
69439
63235
47323
22020
96869
86002
96073
27934
12678
67776
73480
96454
98047
59411
93833
34193
34724
60821
71893
3358
66619
98722
2161
46453
38143
74106
28978
38539
49938
57571
73022
70169
22593
60619
29912
14073
9037
61056
6519
78821
46141
10621
10554
2445
86224
2979
59139
89313
99085
30159
21919
43203
85132
5628
64410
99863
90299
82074
7114
12074
63320
42031
66137
90387
46041
89517
90817
52639
37340
20723
64099
85397
21309
1978
81198
70434
327
33025
72235
79379
23640
23796
84402
89627
52062
62792
89368
24699
49450
5164
31477
72131
41555
58685
82397
81995
32869
95658
17848
99262
22129
68942
82007
33040
7056
60235
55257
15870
18995
38637
90860
56173
78045
57775
36217
36992
9327
69455
4310
64157
11042
82083
10972
16969
14845
41933
43605
4581
29292
65389
76950
81119
6885
263
1581
22758
25383
44390
80704
19838
23991
99531
876
87109
85074
88757
32371
45287
1975
15479
64633
77044
23631
92139
32643
10490
16514
16798
99686
33369
34654
25691
12190
91004
38219
99869
92285
71173
51406
54088
83636
29039
199
86035
16282
55212
20631
14033
5994
40120
78174
81366
53857
37798
88901
55288
61648
82205
83017
98932
28691
59203
1417
44167
45763
87341
65856
43563
51690
10535
13374
29579
68280
55804
35637
59115
79184
59142
13749
71518
68347
12724
89215
38225
83627
36485
61660
32094
41271
27254
53924
94608
36797
88553
35176
29045
77984
94181
42653
97779
5512
88724
92661
51754
16984
78082
21437
70358
59823
13181
46578
39754
8796
19963
89520
47808
93714
78796
49843
23759
92923
6406
71936
721
58309
43508
94648
29176
87296
1191
24598
19569
7584
69235
23759
42116
90222
39455
51867
61974
56564
47237
54397
37901
94858
84323
36629
62481
52010
86041
14515
72104
16142
46053
82880
4801
55648
61797
91666
34041
30263
63674
70794
56618
39864
31193
94297
62801
26591
49129
24312
66806
95893
6843
25606
25755
72158
93912
91217
25230
54540
95157
69854
59573
88593
38213
35701
85001
19371
96759
91199
73739
41582
2552
43468
47228
12431
69360
45015
16569
42815
81934
39284
8311
32426
53155
1737
3727
64453
2463
17070
69683
25447
58712
83173
9235
66058
40523
82483
10084
68154
17362
11338
18995
34068
4371
7981
20332
63497
94101
69793
46804
33745
78317
419
574
48906
62954
77444
12858
73617
29344
81116
20076
17002
44890
74905
84793
82446
76254
78421
39458
48797
8207
23304
81168
98667
21305
32817
95484
59393
31419
15620
37511
72351
44365
14488
48314
56194
28648
501
34813
79663
59533
53390
91281
9602
37508
18611
90561
49795
34294
81839
23146
36226
69513
51433
12229
4438
71154
89578
82864
94577
22944
82623
13325
9733
51778
91370
46862
93280
58269
71820
91886
40715
43642
7066
88791
11765
36003
40975
71490
58266
69162
54186
1792
33495
17118
73193
4786
98584
37334
52996
83282
91632
25926
24046
39510
75119
37886
44081
82184
27275
75479
45418
46987
93033
97910
18437
8720
60140
55440
21803
13148
76150
998
60043
6681
71780
82498
19169
92069
6415
68902
925
88165
1267
13239
46267
21946
75851
5643
88761
30861
53423
19551
28453
3654
50988
4191
66928
37819
19496
26503
94037
41735
49849
15571
67108
59704
10380
12742
73086
47918
31377
80524
14353
79568
2314
73385
8778
7139
97406
23631
44664
60110
95087
45400
81207
6058
7093
9977
35069
53448
82727
95511
43730
24070
3904
64272
46202
73388
36726
70578
71780
86823
55038
52498
77383
30171
1734
10487
24199
82230
3379
26048
34187
27763
3751
23555
17079
38988
31978
28374
8540
23604
70855
24400
10069
67602
40981
64117
71283
50881
66369
34343
5213
63882
37084
30751
77246
3284
34605
44301
58285
74969
35500
12730
82843
82291
59039
40175
2601
27858
74395
38121
76135
6907
33022
90732
85367
20396
41860
97748
19416
85959
42986
98014
16480
74820
15339
26826
4294
52837
64141
10200
29899
53744
13612
49126
19261
62771
68685
97040
57424
38704
61227
83575
29765
52596
46505
87698
15049
71157
65450
13426
70813
63021
38374
71176
1801
55993
5744
17903
52022
23381
81668
59188
11045
27565
35692
66317
75213
98920
68551
11558
54323
78198
97474
74719
64483
541
16691
24110
97687
49199
48793
25053
8790
57091
52465
79056
10508
84378
2363
46773
17021
50103
6647
57885
26842
46065
77838
61004
85581
11073
22630
16761
19206
93628
66265
87171
78454
81241
77112
24406
84955
24470
7047
12138
19801
33818
13310
62496
45076
77579
77395
21861
99033
58801
86667
88547
55535
99506
94275
95523
88379
10194
23033
61309
31102
72906
28859
62161
72970
15800
89404
28651
81668
7545
33501
19825
93421
49480
77084
77969
61089
93821
81152
17216
907
65914
97425
49050
28502
18760
17344
97821
24742
97870
90006
9480
22160
44573
24638
6547
52450
15974
43340
92536
45760
49614
99564
58883
22349
50973
28090
97568
67263
31953
42076
72512
28630
78491
42760
52889
30232
75351
57531
61480
38939
66311
71902
41182
77661
77795
71103
92823
24440
84128
56817
87369
88291
42507
54766
5695
2408
75821
78757
9007
25441
31459
66738
93042
91309
94217
54632
29198
98359
81406
3422
45705
78357
98356
45220
51952
36009
82364
63885
59090
99613
13252
75854
89
73440
18660
26780
2286
32558
52175
69628
15641
50591
72442
39827
49733
1169
1392
93122
22725
23616
89679
21751
75326
93503
67462
14570
52941
88733
8689
76736
9089
91754
86969
74597
33263
18525
51153
21385
56301
14863
98810
69390
36433
10798
75625
24162
79132
73575
78958
46434
93845
49883
93561
57360
40795
38014
37721
12693
70935
80481
47817
61541
12177
17787
79516
55315
5076
93979
53676
22493
40996
54528
25120
74841
5979
27281
2363
60687
83411
26997
96457
30907
18556
74157
27058
33226
98191
68664
63845
449
48339
9034
31407
48302
3345
97757
55764
48406
49346
23353
80554
92142
95270
59878
31135
10905
74502
74386
54635
68466
30366
83054
14079
91001
88492
46560
64804
50448
69220
45327
91168
66836
43184
25300
31755
45147
83200
54830
71209
12388
15507
83344
26732
70489
23631
42363
7505
30638
7838
79568
75039
44695
53423
66470
82626
99289
10896
70337
22056
88248
41207
31026
55651
28960
29133
33302
61776
38335
17973
15302
71966
33910
68627
3748
27782
75827
96235
16557
35503
15214
87467
23427
46804
64688
51632
5100
43529
56484
8646
1859
54702
3968
67108
91895
83887
32066
95465
90195
75003
92246
39531
8591
94779
27742
89389
67514
59902
4557
48833
159
87030
73938
10478
39675
93787
81891
89661
29933
28844
91425
20250
50628
59249
33095
65505
97193
93082
49514
47084
6254
65606
49379
45354
67242
67016
36775
74112
10691
39907
31227
82828
14002
24605
44231
89594
15150
80460
27864
97809
75073
61251
61059
99827
79263
72830
89221
20600
19310
91077
82794
4526
44890
68374
30369
98560
26921
6669
32033
34728
22468
25248
8488
65231
82028
1380
91651
53152
89826
11924
12309
72000
77746
54058
50475
17124
3510
73202
64068
82223
33763
76327
61520
3950
22627
58724
33971
27873
26426
22358
12663
98807
45156
13999
67135
28685
31316
61132
9870
45131
56786
33916
23036
73782
78311
11192
72885
57528
92246
78750
27489
65826
19184
37926
43431
97135
9113
52691
37062
27662
7673
13328
5933
9528
74185
44851
16068
71457
92066
38259
20692
25123
62249
32780
25993
30324
20250
27211
69616
22032
67459
48485
27452
52489
57339
55587
14396
51488
27138
6947
94654
57912
15708
69445
67239
25718
58117
97129
42336
57439
97599
57784
74048
68347
5555
35497
65246
34428
50173
87299
10123
27263
4276
82040
90061
88919
33116
99640
88400
50042
52596
18775
39864
44231
98703
71200
80102
21806
98636
90775
11091
16145
84369
35356
47979
65646
39171
9666
62982
44518
17805
67254
92002
5472
30949
19673
19532
87439
34526
31050
7557
91455
14518
26097
83957
77853
7941
89716
56167
87863
50551
86365
65624
42720
91953
77255
48671
23491
68689
63522
19523
84641
76010
33510
40947
4539
28844
42266
98227
26008
52706
1407
42107
90009
95060
7447
16310
15641
97852
86731
35204
29567
21800
85092
27342
97928
63046
80374
10420
63976
52822
45913
13313
44466
80762
43123
10798
87964
32460
71331
86606
48204
81921
52920
90418
75607
29491
81995
4426
80081
25972
14613
85107
68237
73440
28776
95786
8161
43477
32237
95661
24824
3409
46312
916
79297
91171
43776
83514
34868
29420
69003
23274
63232
19554
18425
78973
93790
6226
9525
93943
59280
52978
16358
1899
40813
19654
99869
48610
65438
82196
10999
94937
59377
85422
94831
17027
10047
69467
73773
69174
40004
60470
38033
24952
45919
66128
21388
62386
5704
66790
90460
8601
6971
42656
25587
9727
99857
27754
21437
41606
27400
31276
85434
26924
36604
16944
62188
74463
23274
81009
62045
5985
13752
19477
21812
86496
36717
25267
75891
23402
88144
5830
65832
50295
42525
61932
66540
60864
13557
18174
57180
8683
17311
45919
14933
38432
41103
69201
59740
64166
71148
94278
28145
60287
82111
53448
4346
80872
41713
3742
86649
72885
33507
71133
17311
99024
50918
80844
54085
35695
65728
64474
11417
61880
24061
84451
49529
4383
73092
66525
39467
55199
71466
80878
82257
26530
86704
62499
10273
59176
32603
11442
48995
49819
49828
63595
67184
12910
82767
72564
93717
42748
55807
93338
29094
91355
2173
8320
29869
27830
48415
86386
93970
94760
7648
15541
25181
27302
84784
99878
4847
50640
46721
61376
48897
21321
60769
37251
78372
28221
54299
13386
81549
18666
98856
84573
95789
65396
71789
82104
87229
39949
98542
59371
56475
8161
28746
76126
48357
13313
49224
71957
93955
62609
87021
69683
62936
82632
5604
99250
54406
59332
47377
82730
4325
28224
25566
71121
37685
30409
18666
73501
43505
40
70565
69201
831
98856
49431
43611
33833
63390
68533
38231
24101
80557
22078
55627
58331
57113
39247
9867
39458
98746
9492
63134
39421
64312
82251
39031
21614
10938
94205
53335
11222
95536
27208
52715
41524
48397
50002
2103
54293
84494
46828
11326
82425
68081
86099
41591
92911
96259
32228
82516
18315
17091
53753
40273
54824
47951
30846
27495
55019
9638
15415
95560
93534
41982
46816
99878
33653
16487
76382
38838
73044
11707
3864
56988
96680
66906
78912
53091
15141
79675
70706
83719
16395
63128
58889
2939
9150
28291
48919
28822
85971
7301
64947
77246
84207
83057
23356
53777
72943
40938
40117
44170
44011
8237
75021
94089
35249
96882
65972
18766
64111
15104
56457
33122
99735
63732
69265
43053
51650
82599
29655
88446
3162
62832
91059
78598
67648
90561
66424
10636
95749
37697
18379
11576
11753
65423
11289
94626
7148
55978
78360
70376
69528
38414
6895
3516
75003
23909
94867
55657
22184
16270
81869
4923
35924
13270
7642
82938
18876
64425
1236
19789
79046
828
53969
37666
11454
2714
79309
83719
62008
20298
12776
42812
51732
13593
55050
20799
89484
26793
11298
38921
51250
62829
30000
29945
54198
73779
94226
76721
3544
32695
68646
83710
40441
2524
55312
22175
68917
67697
61318
39617
90085
44063
31554
74081
21684
32753
49578
64001
31096
33632
59808
94138
59966
83917
14109
68316
68551
37639
95935
49514
77930
51555
25114
57980
38158
93106
96448
67953
568
36079
55199
93692
22264
59621
62643
5326
80972
16136
54763
65270
28380
83810
47243
25722
60070
69302
89890
77969
30183
76266
23546
94025
88925
5299
42742
51317
71051
1005
17054
80987
13471
11695
74453
30440
30055
77450
99625
80810
21806
12104
50509
9885
50499
94834
46096
41225
53939
36885
28648
69967
30916
39192
53451
6074
74057
6361
9242
25566
78598
32802
22432
70379
5299
26503
48204
87485
25590
86142
1700
47915
27025
97147
32353
36260
7246
62325
94477
51314
34557
32686
17326
8494
3196
54082
27659
84616
61477
95291
27968
95694
40895
73187
83499
48360
64367
40584
21202
55572
61633
52425
93708
57159
70089
75879
11448
35912
49035
60049
96119
69781
85550
30849
58492
10859
20094
26719
53820
31721
69958
40761
17881
29784
78683
84970
36803
30290
69595
42147
53829
78577
31560
21144
66091
62179
15086
81039
14579
53496
66903
39879
20381
13545
81155
33644
70327
47500
95307
41017
5195
52596
8897
39574
13581
49056
53301
9095
84522
34651
90546
47524
22078
53490
69384
15278
74933
19734
16725
73492
84155
86795
92520
31819
2250
2650
86246
71472
86649
41970
83151
59011
20680
55559
78323
16661
65289
27855
66735
64636
94449
83047
87396
1172
17579
30437
49740
35924
41936
89719
20350
42226
78201
86707
98172
44005
42339
60268
56307
2842
56893
70959
78580
20860
4789
52062
68884
25071
38841
93640
61584
48778
7
205
10951
75683
47582
12669
87885
62304
54433
35136
61916
4355
70382
57265
96775
62689
6879
12690
37465
14408
46123
64276
17158
44857
27662
56683
61852
45983
15714
27006
21074
36845
245
13993
2646
71753
34966
56551
39699
51766
65377
22133
68014
5122
49975
55617
41866
52248
27736
89337
66464
20939
35033
4850
75088
27403
25071
87122
29130
88696
93009
61669
69064
82275
59838
55382
94538
18217
18226
71588
1697
39781
93347
19969
55852
17887
21888
92047
27617
55190
2390
22746
70663
65335
19929
28746
69189
43044
98404
64199
33241
90640
83432
84467
70025
16636
9080
58486
9299
72042
51497
20393
11009
39955
22541
1029
33269
44142
6657
29954
88815
92145
93955
48598
68063
18605
12754
25151
56905
44432
14674
11869
27333
17359
15330
35365
29060
49621
43898
60531
60241
18299
4520
18718
45397
44011
2799
40828
98731
13499
40438
85873
873
61865
31160
5674
67282
79907
41072
36366
36308
62362
6525
57207
55181
62539
32683
7459
91904
69049
25837
1871
51293
70208
62676
35436
23243
21791
49569
18003
41316
83704
75009
29445
79837
41231
8372
35906
67556
76501
48070
57836
46099
5735
72232
30412
51186
47976
95081
46962
44899
40856
82071
25996
77011
69091
26967
92545
3556
21272
43929
14320
40746
40608
77783
83463
82364
85251
85577
84326
58761
63790
92563
38109
65594
61599
75674
64813
40370
23600
77737
53216
15028
9116
5396
79510
22575
84415
14018
65161
85971
68554
32582
14662
67349
98215
31786
23817
5744
27049
88382
99112
21388
25291
48983
78882
14738
95108
46373
96854
38384
67462
71502
78683
69897
96024
54238
12138
63793
13755
56078
81537
10740
67858
27864
7044
82092
98627
35680
79547
87903
77890
8021
31551
26552
72653
7398
34953
54110
49547
79474
66113
51504
85739
82846
28956
17726
1887
52642
76745
67092
82828
1023
23039
58758
1536
7722
82608
36562
12089
3745
32796
7368
27141
1356
36064
36000
45638
73501
14262
84897
46331
35738
15287
76626
12727
33858
62753
7371
5155
90280
29304
89533
45458
12357
24171
51525
30058
15742
35606
72967
36965
65890
18846
83313
42317
90875
70199
2097
12150
68600
77872
48928
84995
41561
90207
1273
10862
62267
91913
28309
62396
22453
28929
78790
83609
69204
72552
51177
92029
61123
63433
24147
99747
67648
26106
75525
69043
64684
94623
67843
68209
29631
39961
28642
43196
88956
39821
3602
70694
21409
81403
10645
8295
70083
37850
73172
7359
66317
8927
60476
4160
18690
66601
13563
55044
70172
96100
84418
31074
76523
73126
66848
37956
9165
67843
47118
76727
35564
16203
52382
10893
80261
49309
25105
55678
19715
21418
1606
54922
14066
27171
22801
61315
28908
48748
55306
85599
50246
23475
51031
30290
45745
72632
23356
73666
75387
81952
68048
19493
4655
74554
7011
78268
23411
66854
83044
95484
23527
48119
83658
92627
38460
74286
22163
36458
97849
16633
54082
2268
278
56020
57033
46700
57345
63180
52239
55733
12107
55846
95752
83536
85123
73199
17515
47738
51085
58373
36430
96778
99317
89560
29497
14930
81122
50380
83200
80688
97220
80151
5228
44054
28300
94632
24711
38429
61926
17942
58990
92676
18769
16206
75180
59011
31477
73590
24547
22361
79126
1334
77878
6754
30501
20469
39937
44420
99302
8710
71164
23231
64346
52306
94715
78064
57973
93344
16981
41735
75726
13215
39723
21138
10435
42852
91901
14210
63864
40297
59377
33315
38997
26329
40608
50731
66131
18705
6400
31801
65875
55651
91941
71438
2183
49242
99115
99540
28572
59301
37383
70996
80606
28413
81186
5894
17790
68710
72113
95542
68051
41023
43907
39900
77801
17073
98475
32149
20878
65252
10951
55910
69342
50692
92038
10777
79312
90222
85651
31837
95011
52788
30083
18714
24046
46083
60745
39842
87152
79843
82632
27540
95426
46599
90662
29539
58254
10407
65954
32579
75046
44210
26268
23698
13828
6458
58593
4850
29936
97629
12156
26454
27815
87210
79870
55526
19166
51891
46392
43996
80460
15431
30910
12867
63006
30965
2784
17787
58703
96299
98154
11707
74551
42815
15650
70257
19090
88703
19361
95383
53884
96976
27095
63003
13148
29091
12159
30180
44695
34630
96747
67507
75271
67791
65017
32313
53432
71206
74057
48320
73117
17829
90793
7359
30943
51424
33037
58785
20500
16285
42733
2216
16609
16902
69552
49221
52788
98084
92993
69561
44994
86228
61053
87641
64776
82352
73651
44783
14976
47515
88877
92945
11085
71231
80231
35472
21394
63516
22981
80624
69061
61211
37709
23332
49193
89176
69238
20976
64147
66970
29030
78671
30049
1716
79178
9794
57793
57674
86130
87320
61526
43218
22264
51577
97837
5826
43444
90113
88709
75699
20658
55227
31392
48604
53927
34828
48339
48674
46492
42253
80252
61651
67565
40639
75473
79272
81613
67492
78757
45443
72400
75079
72598
44768
39873
52276
74209
24098
98032
43474
41298
87702
51882
30174
89755
56704
81644
90924
76373
33418
12275
5170
49761
61157
96515
16725
22493
20185
89481
22371
67730
50469
43035
1346
93335
41741
97980
51220
96677
81628
2222
45876
53219
2381
33076
81183
42015
16889
51745
23967
61254
84543
68176
29964
36958
97638
44414
46303
77981
28877
14518
64211
80405
30687
49230
37538
34502
26832
43477
32707
37331
87131
54873
25758
64138
25722
71304
12077
1676
13651
35738
44439
96558
46309
6403
65002
21748
56371
80432
46880
14411
12895
59100
10902
88092
97156
82806
33186
72494
95874
13893
9162
83893
2448
95459
89691
79361
66830
64239
54821
97873
84622
45757
40929
41487
66110
9797
86771
99671
75769
14356
14088
69903
82901
16215
8466
77731
14054
76208
15953
49321
47808
37380
21144
39708
42552
4078
22361
69802
37932
187
69494
75348
20536
34563
80170
20875
94452
51818
99881
81873
47350
96607
21681
48183
52691
69482
31050
51882
98707
2509
91626
72632
84717
32704
37325
23744
75528
1462
86594
72018
54391
58083
44304
94477
65273
95539
6998
25172
84976
96552
37077
95142
15769
18214
21534
18620
39186
93146
80923
28737
21528
75409
44112
15687
11793
9275
54507
70599
22587
48964
23323
88175
34685
7481
95588
31261
15827
62689
44402
10462
94443
98713
59225
81885
78812
10853
43660
16194
62432
52074
88480
42110
6095
49224
35451
17384
37370
67111
97617
30488
58083
48562
51626
86069
419
8561
67797
77331
22325
10651
93473
98447
82742
3632
55309
129
87372
46810
96186
41521
45592
1758
12241
41439
29085
18898
5802
82239
72897
96863
19703
69259
9467
42855
68685
99131
76330
12132
33522
39934
88010
54684
33430
76452
12882
47283
42446
23542
45485
38997
65359
60830
14961
88321
38854
91788
20304
20008
73459
80386
32942
79803
1948
68380
57345
15071
49822
26399
90268
59621
93466
41945
69253
50673
21629
97437
51009
56243
65875
41399
10297
40956
15568
5979
99964
48497
83087
73840
62695
28752
34819
47597
35213
87836
53652
24949
35420
89069
48482
32558
73217
83084
76462
21870
75552
95124
93543
79977
66378
47725
98960
58608
92096
46856
89319
74466
33137
9663
87839
83917
92313
61947
64431
85269
528
83478
12238
51684
30537
29317
96228
47896
59283
5198
39470
33830
69531
25169
62765
8274
31380
29567
43190
95703
54278
91483
7233
29387
50155
89810
24122
33949
98340
77038
14945
60406
52846
19886
43264
76925
82666
40923
2753
68338
85700
39278
67572
47579
66937
18571
21022
32164
21528
232
28178
88840
13371
50252
68075
99491
89810
97553
91095
51507
23088
72097
17158
5659
19233
40831
40401
44649
84894
69616
55877
55434
92819
89249
73977
48491
36638
93717
38164
67102
15458
48809
11665
89798
39034
39205
48720
79126
94019
32136
16014
79776
61993
85822
79974
19294
29896
80716
25456
14448
83435
1743
21540
36357
24128
49663
13
37569
632
9602
62164
94159
94937
55007
79516
65991
54043
15003
4169
28282
7825
83432
54287
77566
63613
97535
90433
65200
18159
64559
48351
61541
77633
64288
43813
3901
26228
5704
15147
31435
34047
65875
19117
60040
44844
89160
45720
443
34297
74942
67559
72570
79404
31926
89429
19319
29631
27180
13691
72894
20469
8012
87143
76773
19950
24849
44884
16493
48855
33183
16957
62344
65127
2787
13252
77081
53200
12232
52389
91822
8826
56933
50139
3226
60043
48745
33080
95105
14860
35329
93042
37517
76404
17353
48000
66613
15983
91657
25068
98182
44863
98530
31151
78171
75241
1224
26918
23228
11137
75818
69766
54400
59792
39516
41295
77112
4163
95624
25020
10600
27235
23179
49889
19838
28660
89481
65234
53155
24443
13557
62817
38634
70233
58788
11558
42415
98890
82697
20582
42067
12922
22114
96213
18086
22459
41857
8524
16706
69311
24937
33141
87125
27812
32552
83774
46248
23069
11912
1261
74124
57174
80035
14689
93152
84073
61651
40145
34206
23689
9330
32851
42800
55944
83972
58215
28419
85245
23747
97467
10127
16148
79675
53463
61617
30778
45894
72354
8759
8576
62808
46645
82858
79141
21190
15382
82660
48613
45418
26988
48290
90396
83896
80441
254
40709
84845
10392
46550
89664
85602
31865
11106
8479
93457
10130
86640
3440
86273
71417
65020
37261
10929
20054
48330
8430
7749
77713
93701
29210
39025
10297
95050
92877
49764
58205
54888
70861
38823
35484
49263
30379
68457
13609
39006
13212
90525
55416
30382
66238
17390
14872
38292
64321
15690
68295
55135
16264
51070
92624
78451
94345
62020
56411
477
78128
90958
39116
12772
53158
50619
44353
28966
55166
53982
22700
78808
400
85748
69714
76657
92725
43563
14759
17469
48079
27104
66290
3492
26979
3119
29176
54705
15623
24592
59777
6205
46273
32097
74270
45620
97492
15565
75989
93689
64926
64465
17265
81125
43209
84616
61547
24901
9586
9739
61239
57070
49987
85828
17091
9248
18043
56515
34569
5891
67782
27540
42983
69485
50557
38451
92896
90759
16868
19627
97504
67092
13688
62820
33565
62191
17927
83252
67556
90180
96637
1490
22596
77231
34621
23127
51879
3867
20045
44469
34120
81055
28670
62301
56737
63186
97358
15898
2335
51134
27434
39394
4136
88455
8610
52587
85977
3867
3980
68399
52514
3181
86807
45012
45241
63720
69683
60912
29951
34450
16703
40843
31267
94870
79275
10923
79877
75818
46163
10951
88071
95337
48446
42073
19255
12684
9965
77936
67004
53643
83914
17420
9318
10218
66159
7127
53713
67932
25993
11695
38738
63714
44860
60113
7578
27629
3699
46093
19349
11497
9602
10740
13691
57565
2292
85507
94348
10316
31160
23649
47277
24620
43389
98316
58987
73233
73874
95282
50667
6879
77508
78641
93790
70004
94477
57378
22752
25261
89179
31114
10249
89984
53420
43025
20927
37645
14491
18150
9025
67507
38719
15150
75552
95542
71206
69696
50667
69784
2262
57543
16896
63210
1294
55508
38783
47289
8640
28371
14601
99311
26060
19917
15776
46648
96491
76190
29625
1035
13673
79095
71035
86035
52300
18473
78708
10761
59280
80810
61627
93064
96762
82614
11305
85187
77563
26704
45519
5161
83582
9440
99067
26951
7835
57058
27269
32491
10807
19242
37758
78818
31605
98050
16230
83313
44680
40285
61752
80273
2656
71521
97266
51879
55929
99811
70938
86697
89633
67254
13923
68847
68624
77566
70217
50982
31108
77719
64181
14143
21495
21818
21428
67691
3171
95356
8610
92368
41759
27873
7807
79681
99506
72329
91101
70678
31450
79080
10947
47261
23951
42803
72055
79187
66247
50347
245
79825
95609
7700
74099
73852
6800
74179
34853
29982
66390
81970
40282
61858
22566
69158
78137
50219
51119
4343
4774
89517
28132
30992
24626
12022
70102
9629
76080
92652
32030
86017
39470
87528
4191
63439
32729
9492
98096
7197
10383
93656
62393
59481
31489
56069
19261
92676
12116
98755
61920
79318
28065
64086
3910
6748
83383
91748
20774
14631
10307
81335
74701
83423
16331
13761
62841
51986
43904
34569
79877
92395
58498
52279
35445
20103
30592
54903
17112
67590
27250
97767
39446
99613
78866
65701
69848
98172
36751
62823
71801
95334
87164
32954
56090
82046
37398
63827
80664
71026
39583
78207
89765
41899
67788
65063
32936
46672
14085
53899
54534
3693
19172
85367
94370
58224
3193
81296
90128
37697
12394
67272
22133
79883
47194
50863
91168
61987
87363
8646
69888
8860
79849
85153
18507
8466
4981
56835
5375
12647
86582
64208
23042
51403
61633
65292
40486
38768
75198
13438
82056
98407
16099
12730
73843
87058
59084
54021
48027
43972
29039
84769
45873
44426
52907
15788
9980
85489
14927
18046
6400
82120
80817
12614
67303
1752
6513
6898
94712
15489
97147
80316
16068
93991
31776
72470
32127
26256
19630
77029
47878
89356
3373
94364
27101
47274
75094
46111
61178
6968
20594
4783
92783
9797
57653
41527
85086
86417
83820
45180
77093
53255
99436
15739
15727
78772
21461
85379
5317
97501
53762
70105
65069
113
29433
5228
35176
77585
90866
67749
22218
47539
23088
38744
24394
41020
6086
8973
27293
77676
1679
80740
10795
7560
40584
69152
57717
47698
25319
55975
4862
91443
14527
99091
27055
18852
4407
50789
94834
86163
72805
87949
96360
22462
1627
7258
64263
11750
43230
88620
97962
88449
46352
79816
22114
24522
7243
5610
71847
36339
61630
54397
45336
89356
83109
45461
14439
28798
3620
30095
33922
14442
21623
29591
39958
87622
13563
63284
78519
48574
14320
69738
54238
72277
82214
74267
40471
40886
14176
5811
41048
20890
26805
16413
44435
63140
68801
6306
60931
53799
80508
7813
83432
94480
66149
31175
62527
39525
94370
25392
36421
68701
92728
57241
6400
23320
51769
61578
98410
84015
4282
66064
1380
18177
95389
43419
22993
75317
9034
94352
53368
58337
66641
14247
77463
48949
63342
46831
26677
15306
57641
77798
10365
79968
79932
71661
17857
76379
75650
4862
31593
71905
48586
98307
42034
85645
20030
2427
4951
79040
69363
37935
31721
47515
71707
45317
53249
91165
98288
46303
48159
92725
95105
70321
75863
80841
5549
49154
5131
6855
52608
32854
78824
13175
46224
30101
5314
21357
31526
26082
17393
18083
43462
81030
89084
67056
83530
62570
51150
25050
84192
14967
95847
90161
76608
18418
11546
60403
27324
41500
37880
30800
59527
39913
82013
7066
24473
4639
86658
64022
38783
12644
90515
26845
53130
83234
71664
3315
68048
93183
14640
45165
62383
53832
91736
66629
50124
3171
99186
98368
31120
16111
38881
4871
51409
86026
86209
43450
38728
80737
34621
92954
28834
26014
57638
30348
48299
19758
78808
83273
69326
29945
90332
36690
2326
79520
10944
21757
41753
71286
23658
65072
30922
56017
84036
26362
61388
96802
39577
2814
72506
32823
50893
28096
66848
95703
55218
44243
7014
81457
62978
74530
9562
31288
27955
75430
1603
24275
81726
95810
55721
35085
72989
21476
68850
59875
2369
33189
712
63473
93418
56286
37456
50969
90280
30028
96106
16850
22828
74807
35460
74795
29768
85312
89075
21257
80365
27812
85919
35982
85452
69668
74371
72525
38304
19169
15135
41967
76047
3889
58767
42903
2143
65600
73349
40862
60714
99943
38017
50228
3168
18934
67932
21864
37892
64471
86301
89527
3544
50899
9107
78140
56615
64840
58178
27183
13874
364
68151
32198
40331
57629
3055
57583
23301
83127
48076
23814
23259
79657
92124
22221
42067
64153
66860
60394
99195
1484
57809
91388
56600
92365
53130
29869
82840
43462
45745
8268
97089
97898
54381
76108
83640
54198
79208
95612
17561
51861
57662
36766
92102
51620
36079
24855
88471
88611
22795
43718
78638
26460
38292
47771
1758
90521
28065
85931
4871
8286
53789
90610
88452
35225
28438
34843
47487
94013
10978
10731
48714
5414
26249
32277
34544
38905
25676
15763
94455
61083
54412
40813
94312
10120
40569
45220
4383
74292
72125
56692
16584
2704
77167
14655
91605
26442
73068
85196
26539
18107
248
22303
83682
68045
6110
78540
71029
5207
94825
18217
15217
40972
8515
36272
17433
63824
55581
35909
32954
63238
51638
68157
64977
10722
88846
86490
13310
76257
99131
19566
68569
8155
27019
15309
92505
54604
77643
59365
75110
54851
55556
21107
9089
78296
60033
30315
72345
39540
52395
37636
59075
67538
61068
61953
50170
56976
39925
77814
63461
80005
45613
45989
74478
86444
49425
40361
48354
70596
49361
74194
73474
32774
98041
78949
37520
13706
12013
38786
36510
29875
78207
33821
57476
87998
22990
95331
25407
6718
59628
25956
55065
23646
79636
88126
98298
15882
3718
13694
27522
12132
57919
38088
45931
24556
90555
11884
65081
78482
95636
93155
40520
68057
58327
73520
6019
16047
88120
41164
97068
65838
55306
33876
4255
83777
96433
85251
47179
19
4279
17170
9431
65960
68078
81735
25413
56393
79513
5680
59475
94519
70199
40514
68093
27937
96207
71396
85681
33745
35283
87955
24638
80844
12431
70150
30305
27598
19368
92276
81403
83014
43615
98276
76626
9446
72738
51452
97986
95099
89456
11729
91526
74337
23130
43587
56069
23994
73404
7749
80572
13770
71447
39827
20750
38863
94605
68978
55596
12956
99936
79733
14369
49660
92353
70114
14768
10584
92923
9171
2823
48125
23036
47048
35182
21092
69989
80719
94413
11329
49617
28508
77920
19426
31685
16535
51150
67666
43544
30196
5640
88306
17747
33778
12608
25367
99247
11427
12660
27992
77771
32463
32243
63546
61050
94278
67523
28560
54439
45876
26210
85675
62661
45217
68081
4645
79214
53457
34703
35625
79104
19252
9077
92737
80542
56194
95777
76184
91178
66574
62216
10914
4557
14509
31682
30049
62402
1679
68746
81137
48290
48653
47686
83377
28480
35045
44539
13984
5360
1587
43410
51757
99259
67230
97669
55962
24180
64392
36647
8765
73150
45537
58480
99219
78680
64132
99695
76965
64126
83157
22178
53844
51470
14271
8176
81415
41143
40795
3901
82626
29582
27556
2393
65692
80099
70828
6303
98319
12660
91397
61126
70410
28294
23927
99622
23393
33650
5759
87964
74237
81390
18214
14268
12333
92026
83578
10151
97391
72836
70889
45897
36369
99469
13615
89905
67688
75854
92383
72995
30763
38088
85870
48238
49028
17869
42986
86936
4563
31123
79465
1301
32429
7474
52001
34590
12882
26137
13038
9193
89536
73883
99375
73385
91651
90723
57638
37306
88632
18870
59841
38875
54888
20707
12092
30144
73163
81250
9565
24840
54470
60867
40929
97648
2747
13795
95282
75848
2387
38103
74753
14027
56701
72723
65924
92343
55523
7175
73126
29103
28
19627
66790
48214
62902
8881
49972
92115
11976
35942
96158
20878
75479
40773
61471
88053
77011
49886
24443
33864
18373
40355
56432
86490
38359
75924
75836
11878
25667
80792
89203
2915
14015
66717
72427
48394
37645
79098
95044
72558
75259
77576
40868
85724
60583
16865
28026
36702
87665
43407
81512
7587
88989
73443
61431
41542
14619
68179
28
44228
90390
71649
50625
49489
83353
26866
1578
89932
52581
35973
58459
62997
13426
79907
47435
33162
93405
63290
43157
60915
7774
144
74121
99100
33009
6037
8710
47286
6205
12303
75058
4740
28618
67956
17762
12693
1417
44924
44710
26463
