100 100 60 100
745 7782
79 17 17
26 76 42
10 23 34
83 51 73
74 72 20
60 18 66
28 63 41
59 85 16
2 47 30
80 32 36
10 70 78
57 50 95
89 84 16
53 45 12
90 57 92
94 61 14
17 2 82
41 9 93
55 46 33
55 19 51
74 29 2
79 83 51
97 99 66
29 45 33
53 5 66
35 5 2
30 35 71
11 5 50
63 21 80
93 74 48
96 30 82
60 79 45
86 53 18
79 8 91
73 57 6
46 56 8
36 52 80
87 9 29
10 78 71
68 13 19
63 43 36
12 93 42
21 54 55
83 80 67
48 2 32
56 28 83
36 66 37
18 16 76
38 61 14
100 26 74
62 29 14
21 20 85
71 7 61
30 35 27
49 84 44
9 5 4
24 32 88
92 84 88
99 50 45
74 35 84
54 92 87
65 19 29
30 26 9
2 84 41
52 36 96
43 84 75
29 18 75
72 96 58
87 66 41
94 92 2
96 88 5
94 1 12
49 82 52
2 28 87
31 95 9
28 96 47
84 79 94
50 40 50
47 28 79
72 9 38
22 46 22
60 58 66
72 97 53
57 73 73
78 42 92
39 85 84
25 90 87
13 43 98
58 77 31
56 24 42
20 49 53
72 42 39
22 9 17
86 58 99
87 88 35
58 14 63
41 54 63
56 65 88
72 97 45
30 42 86
13 2450
46 3487
86 771
88 5344
33 4046
11 8278
68 1662
89 8457
5 4355
95 9363
12 5065
94 1945
18 2849
31 2374
93 5178
77 5212
66 8927
14 4795
94 5362
95 2658
54 9454
79 3809
67 8810
76 9656
22 2554
88 411
15 5458
5 4779
74 7643
22 9746
77 5153
35 8275
30 1724
56 7721
33 7061
100 6794
78 1921
33 3852
16 5337
49 4368
46 4272
96 364
42 1036
84 9631
90 8766
72 7547
45 279
19 9303
82 631
38 5355
35 8663
46 7910
24 7876
8 1257
55 1929
14 3765
69 5080
77 4341
65 2877
25 1192
100 100 60 5971
19 7125
81 48 94
83 66 20
47 52 76
30 7 78
64 40 70
69 50 79
26 87 28
90 25 89
39 68 77
11 30 48
1 72 63
40 33 20
88 67 22
97 53 11
13 62 53
11 48 40
100 32 90
26 13 43
93 28 12
15 21 72
9 89 57
47 85 20
79 22 56
51 66 11
88 7 2
12 91 91
31 1 53
46 55 9
18 76 10
60 91 95
6 91 75
84 92 52
7 38 9
84 12 73
91 87 35
84 3 71
77 12 45
4 84 28
25 53 22
75 39 19
95 82 36
80 17 100
35 32 15
59 52 42
72 6 10
5 75 22
95 22 84
74 17 90
91 1 56
13 82 94
46 32 67
65 68 93
97 68 13
25 22 63
92 72 34
84 42 37
17 20 13
89 66 42
78 91 4
3 58 85
33 51 2
17 83 49
13 24 58
87 60 58
74 46 64
90 72 9
7 45 99
89 43 37
55 45 63
30 79 89
92 7 90
30 77 82
41 55 33
7 21 18
10 50 39
21 58 53
38 49 29
84 86 58
26 69 61
80 8 19
3 29 75
56 43 81
47 24 74
17 45 19
85 91 4
8 18 15
16 61 65
34 36 96
72 71 54
33 71 8
54 64 88
7 75 51
63 20 91
33 38 90
19 75 27
100 83 31
38 71 33
52 59 65
58 16 79
88 73 14
52 5550
45 5724
75 2387
16 4973
98 2655
92 8807
19 3785
78 3144
11 371
91 1003
54 4759
59 366
9 407
27 6840
57 8295
84 3911
47 1725
27 8610
34 9808
70 5402
73 4953
33 6105
31 4679
97 8666
41 3048
78 2588
49 2046
94 3835
80 8214
81 7022
83 4844
38 7698
79 5060
50 2546
63 6088
68 300
93 22
3 1202
17 1420
6 7799
58 7018
94 4910
36 7892
93 1560
14 9370
58 2698
64 9010
41 3515
47 7962
67 4174
87 6017
91 7758
41 5659
93 9255
46 5438
87 8397
42 7967
94 4145
54 2866
66 3662


6 8 4 1000
5 11
1 2 2
1 5 3
2 3 10
2 4 7
3 4 1
4 6 9
4 5 1
6 5 8
2 1
3 5
5 4
6 7

4 5 2 3
3 6
1 4 3
1 2 2
2 4 2
2 3 10
3 4 10
2 3
3 2

4 5 2 100
3 6
1 4 3
1 2 1
2 4 2
2 3 10
3 4 10
2 3
3 2

100 100 60 230
894 1100
50 3 60
61 43 7
1 17 45
80 100 81
10 57 6
65 9 62
41 57 1
86 62 42
38 1 24
81 95 72
11 52 91
14 8 46
88 3 56
98 39 48
73 51 71
49 62 47
71 60 79
21 65 49
4 10 60
13 83 43
25 9 66
30 99 78
30 9 97
14 8 80
91 53 98
74 50 50
95 85 9
93 6 30
60 44 89
43 15 51
89 85 60
10 100 66
36 35 31
63 56 10
4 34 17
75 63 8
100 30 21
55 20 3
23 8 27
65 55 48
100 45 77
27 59 19
100 28 29
28 5 49
65 13 4
7 97 95
48 39 87
12 96 13
63 35 19
12 27 62
82 14 80
30 71 19
99 36 93
58 72 5
37 36 42
97 6 25
1 97 24
80 95 72
18 91 64
38 74 26
32 36 89
5 85 42
87 39 69
14 47 80
22 15 3
23 18 92
52 93 74
71 51 75
22 38 24
100 14 62
61 61 35
41 37 64
9 19 32
94 76 58
69 93 4
11 69 34
42 78 21
93 61 7
81 93 83
93 93 31
69 62 40
57 40 86
27 14 14
5 1 18
42 27 9
77 7 48
93 25 77
91 37 86
83 99 56
32 8 73
45 50 52
95 64 81
68 31 2
53 24 46
84 74 6
33 56 87
87 87 21
76 2 17
59 9 49
45 10 20
42 6415
39 284
52 2226
76 2872
56 9086
42 5832
34 9001
58 4976
19 3993
41 5772
64 8739
93 9625
11 9643
93 7993
35 4387
65 906
46 1046
75 1429
22 805
9 2650
58 3354
73 8756
100 9028
91 6741
52 6736
33 335
25 1770
38 2692
16 2517
80 9412
80 185
35 8465
97 557
95 8559
81 1874
88 2540
41 7886
56 7369
45 141
44 7239
88 8584
44 1406
22 4504
74 3289
42 4919
5 2396
91 2448
26 5650
88 9725
80 9673
15 2439
28 581
89 36
97 2875
59 8176
65 3962
29 1970
27 5892
74 4103
13 862
