2 1 (0,1)
5 4 (0,1) (0,2) (0,3) (0,4)
4 4 (0,1) (0,2) (0,3) (1,2)
5 6 (0,1) (0,2) (0,3) (0,4) (1,2) (3,4)
5 7 (0,1) (0,2) (0,3) (0,4) (1,2) (3,4) (2,3)

0 0
1 0
3 3 (0,1) (0,2) (1,2)
2 0
5 7 (0,1) (0,2) (1,3) (1,2) (1,4) (2,3) (3,4)

30 289 (14,4) (10,1) (8,16) (10,18) (15,12) (29,21) (19,13) (26,2) (28,5) (27,18) (8,7) (26,7) (26,29) (4,3) (19,29) (2,14) (21,21) (5,13) (8,11) (19,1) (17,28) (24,20) (16,4) (17,17) (2,2) (13,23) (6,19) (16,5) (4,22) (2,19) (14,10) (13,5) (24,5) (21,10) (22,24) (12,6) (13,28) (24,21) (29,13) (27,12) (22,15) (27,13) (23,21) (18,27) (8,8) (10,7) (23,2) (1,26) (18,9) (28,1) (5,16) (20,17) (1,22) (4,11) (7,23) (16,18) (9,20) (28,29) (7,26) (27,3) (9,25) (8,4) (3,27) (2,11) (28,22) (5,28) (16,24) (3,6) (12,18) (8,17) (2,2) (2,22) (4,22) (14,24) (11,2) (2,8) (6,21) (16,23) (14,28) (12,5) (23,3) (29,17) (13,5) (7,25) (17,21) (0,7) (25,19) (25,4) (19,20) (20,18) (15,16) (13,13) (2,29) (28,21) (15,21) (24,9) (29,23) (4,20) (29,19) (10,26) (17,2) (11,15) (10,6) (28,20) (7,11) (2,5) (15,0) (6,9) (28,20) (22,18) (7,2) (22,17) (16,5) (26,4) (21,16) (14,11) (15,22) (20,20) (28,27) (6,29) (13,22) (11,13) (22,16) (10,8) (27,21) (11,10) (12,11) (14,12) (13,18) (15,29) (25,23) (14,1) (15,17) (15,6) (18,6) (11,8) (21,14) (20,17) (3,20) (17,12) (4,28) (17,0) (3,11) (3,26) (21,6) (22,11) (1,14) (0,7) (21,10) (22,21) (21,3) (25,15) (19,5) (9,24) (3,8) (12,11) (24,3) (11,21) (2,5) (13,21) (10,3) (17,21) (15,8) (13,29) (9,22) (17,27) (8,27) (26,6) (23,13) (25,16) (20,21) (5,15) (3,25) (1,24) (16,11) (3,8) (15,9) (6,13) (29,6) (29,29) (16,11) (13,22) (24,11) (14,18) (20,22) (5,11) (10,20) (28,25) (7,21) (6,25) (8,25) (15,19) (8,21) (7,8) (22,20) (18,15) (18,23) (2,8) (8,20) (12,17) (0,11) (15,2) (3,9) (17,1) (15,6) (22,11) (17,0) (24,15) (24,3) (12,29) (19,16) (3,18) (24,10) (14,22) (9,9) (8,18) (13,19) (8,15) (17,4) (21,12) (5,19) (22,9) (8,17) (0,6) (7,6) (26,16) (28,0) (28,27) (14,12) (27,16) (28,9) (13,28) (19,21) (5,21) (26,3) (23,27) (18,9) (21,16) (22,22) (25,24) (24,21) (28,4) (16,22) (14,21) (28,5) (29,5) (26,0) (0,12) (10,20) (8,26) (18,17) (29,6) (3,11) (8,6) (25,3) (25,28) (23,2) (10,29) (25,24) (23,0) (16,23) (15,12) (5,5) (27,14) (9,14) (26,13) (27,8) (9,17) (3,29) (14,18) (0,18) (8,28) (12,22) (28,16) (24,19) (22,10) (21,8) (18,0) (19,1) (26,9) (10,1) (15,25) (16,11) (16,28) (0,1) (17,4) (6,19) (8,23) (28,2)
