2000
12 35 19 80 40
84 16 42 -32 54
69 -77 7 93 81
87 -63 -63 -64 -92
83 -18 17 21 71
64 -14 27 35 43
-38 -23 -88 -39 -33
51 -93 62 -2 -15
-52 52 -36 63 34
80 70 10 83 28
81 13 -20 -23 33
16 42 46 49 93
-1 80 15 63 96
-46 -39 -54 28 3
-79 20 -89 -68 -79
89 -6 -97 43 -94
-75 -27 35 -27 60
-32 11 59 50 -26
-88 58 -19 -75 61
-76 96 64 98 -84
-5 -24 26 73 -78
-53 35 -34 40 -42
61 44 -88 76 -62
19 84 -71 85 7
-24 53 8 65 -3
-23 -50 57 77 49
-40 72 -65 57 -65
-69 79 54 81 16
52 47 -33 -54 -76
-54 12 -63 -59 39
-33 -29 -66 -8 56
15 -3 43 -85 12
36 -29 8 76 -98
-71 50 32 -89 -82
-84 -81 45 -20 -16
-7 73 99 -42 71
53 82 -50 -79 67
11 51 -34 58 -66
-28 -3 -2 -1 -14
-49 85 80 -43 74
-24 -91 80 -92 -35
-29 -84 20 -100 -42
-39 -82 -27 52 -91
81 -49 31 75 -70
-8 69 -86 76 22
8 -83 72 0 5
20 10 68 -96 -10
-23 86 42 -50 -81
-19 50 84 -65 -16
-55 -99 -67 -8 85
85 77 -60 71 -81
-31 -2 -20 -92 -25
99 5 -13 49 6
87 -51 71 17 20
52 38 -80 11 75
-67 -97 -34 -37 13
29 -94 -75 -67 -24
-29 -56 53 46 2
-56 -52 -39 -14 -13
57 46 -54 -62 96
97 -60 -28 -18 -47
-20 -39 81 75 -75
-86 -85 -69 -61 -83
-21 -96 7 -71 -40
-82 68 94 38 -100
64 -73 -46 72 77
21 -90 -5 41 40
12 -52 7 51 -99
-22 38 -45 90 -2
-69 65 53 60 22
-7 -21 -1 80 -93
46 -42 -43 -100 -80
0 -18 -58 -70 -88
-31 -35 44 4 42
-67 74 22 -70 66
43 -38 -62 53 -50
-90 65 40 56 -99
42 14 -68 -90 -8
-23 -12 -22 69 -73
-71 -19 -22 40 53
52 -53 80 38 -54
28 9 -63 -15 -79
49 20 52 -8 -50
-9 71 69 -73 9
62 -100 11 49 -17
52 83 35 67 -74
-60 67 51 87 44
-16 23 -31 -70 -10
62 -53 -100 -29 16
64 -11 43 -14 -22
38 -51 51 21 37
50 26 -48 -1 -66
-37 78 -83 -28 -4
-65 58 62 54 -7
-48 77 19 -10 -65
65 63 -49 2 -75
-46 96 22 -21 46
99 69 -7 -52 95
-57 66 -5 -94 10
-89 -90 68 38 -23
-25 -50 -18 -71 -88
-70 -36 -77 -16 -74
16 8 -85 53 34
82 -54 85 -93 -61
22 -85 68 30 23
86 34 82 48 -29
-21 -9 50 92 -92
-67 29 -47 79 -82
-98 71 38 -83 40
-12 -89 -2 -18 -64
-74 1 -51 -49 4
-22 33 -96 -12 -62
97 36 -41 -79 75
81 -2 -66 89 -49
53 -16 72 71 57
-64 -71 -56 -29 24
-83 16 87 -47 67
48 66 22 -53 48
53 -8 -27 -42 -63
-58 -20 -18 -97 31
43 -77 -61 9 79
21 44 4 17 71
14 10 43 95 -69
21 -60 -41 47 26
14 16 -12 10 27
-57 -48 -16 21 70
54 -20 72 -26 72
37 41 20 -49 -85
-31 27 -81 -34 -14
-52 -21 91 -34 -59
24 14 19 -90 -63
15 38 98 -75 -67
-9 22 63 -7 -11
-84 70 68 5 -26
-90 -79 79 -26 49
57 -99 -41 -65 -97
-27 -41 -46 -35 74
39 22 87 17 41
60 33 11 -75 -76
-61 39 65 29 59
-50 -6 35 -70 75
-20 46 3 75 -85
83 52 22 83 75
13 25 -83 -52 -38
7 93 39 82 -68
71 12 -56 97 46
-71 -76 -12 -1 22
-94 -84 22 36 81
-73 11 88 -6 3
91 -93 50 47 67
3 31 82 82 28
36 -60 -44 84 -13
69 -12 30 -68 -41
-88 -52 69 -10 -20
23 -74 7 49 -2
36 38 64 50 -77
49 15 51 -57 -52
-56 72 6 -51 85
77 -93 94 -73 73
-91 38 66 69 95
-82 43 94 -74 -5
35 41 -56 82 -8
-13 36 68 96 -57
3 -60 -81 99 60
7 -31 -90 -4 -60
6 82 36 -72 -3
26 -84 -47 -96 17
28 -96 -17 26 -60
-81 -28 80 -51 76
50 -92 -28 26 -47
-82 22 90 -76 82
6 9 74 -41 52
65 48 39 -77 -22
-36 42 -67 77 -87
-56 -98 -35 4 -25
-21 -28 23 -44 65
5 -98 19 73 -92
73 76 -59 -68 85
91 50 16 -32 -91
-41 -94 -71 99 -99
-12 52 -34 -36 67
-3 -2 -3 -10 -33
81 -43 -93 -76 -28
-51 -98 -54 -47 65
-29 -99 -57 83 80
-86 19 -73 85 11
-1 -54 44 30 47
-83 -95 -34 -46 33
93 42 55 -22 -6
84 31 -58 42 77
-42 96 21 90 64
-44 84 47 -66 -16
90 -69 36 38 -19
87 -80 6 -13 30
-66 71 -23 13 34
-88 -42 -44 -72 -97
31 9 -85 8 8
-76 82 32 -9 -64
-2 -56 -69 -88 -15
-94 69 67 -99 -63
55 16 -94 53 67
50 -47 3 -77 18
79 36 -95 88 32
33 88 -17 -92 32
91 -46 -62 78 46
87 99 32 -93 22
87 66 81 58 -79
76 -80 -68 -71 -52
44 53 -21 -97 27
70 95 58 49 -45
-68 30 8 83 63
-90 -93 93 -82 56
25 9 -44 11 69
-5 -89 -5 27 42
62 -98 -93 -46 7
22 94 -85 73 28
-90 31 29 58 97
-91 60 25 15 75
57 -25 86 91 -32
42 54 -28 89 18
6 -29 30 75 -69
-83 20 66 -66 -11
-84 -60 -78 -90 -49
-94 42 27 2 61
-96 82 17 -60 83
-62 -37 88 -99 42
-49 -87 9 -86 95
-65 -37 45 -40 66
-93 66 -44 53 -33
-3 -66 -84 61 34
-62 -86 -62 72 -22
60 -59 26 -37 -67
-92 -39 72 2 -81
75 99 5 85 -52
46 9 -98 -76 -95
78 -44 3 94 -10
-98 -62 -97 -66 -87
-94 2 -1 -84 38
-28 17 4 -4 -92
-37 -52 62 65 65
8 -57 -19 38 -59
-51 57 -17 35 -54
29 -15 43 -51 -90
-70 56 -47 32 -21
-5 62 -27 37 -52
-85 0 32 43 90
-1 -50 73 50 -51
51 -23 -68 86 -6
-21 -52 18 -86 97
87 -46 -35 25 90
93 -23 96 -8 -67
-54 -69 -3 -35 0
78 -19 86 -48 56
-1 15 -97 94 72
50 -9 -5 42 22
-55 4 -24 13 -41
-90 98 89 -75 70
-70 -2 -46 -24 23
-96 14 63 -38 93
21 -40 25 -75 8
-93 -27 -14 -87 -80
-39 81 6 38 45
43 89 31 63 7
-85 96 -17 97 -74
-64 84 1 -22 -65
67 -31 -41 23 67
-93 -69 -38 44 -87
-48 24 -51 -81 -23
3 -67 -15 -12 -59
-19 -84 -9 87 64
-61 -17 97 -26 -82
-47 -36 -64 44 28
-87 -27 68 -2 -62
-97 30 -41 7 -45
-62 96 34 83 -42
-55 22 -48 -36 -44
87 94 14 -97 -27
-4 0 -46 -48 16
28 -55 -73 97 -1
89 43 -28 -81 39
1 33 26 -41 -1
-57 65 -96 89 -19
-17 -31 70 -2 -5
-79 -87 -42 72 -46
31 -41 15 84 -3
98 -29 39 18 82
-57 -44 -31 -55 -53
-84 96 -30 -13 67
-11 -18 84 -57 -57
-91 -65 -72 95 -26
42 82 65 23 76
73 83 -59 -63 43
-66 66 45 -73 -95
-42 -50 73 53 26
-11 91 -3 -26 60
-49 -59 -36 68 69
-71 65 97 22 48
75 68 -1 -22 -100
-71 49 -6 -33 -50
27 35 45 -36 94
-68 -21 -83 92 23
82 -15 19 34 -90
10 -51 55 -43 -91
16 -92 -15 26 4
-94 -47 63 -37 -67
32 -35 -13 14 88
-2 -2 -76 -98 -3
38 5 -62 15 -69
-79 97 -43 25 -53
83 27 62 -99 30
-33 86 -77 -17 -64
45 14 -83 -23 -4
-68 71 -55 -38 -47
78 36 -43 -85 78
-13 26 34 81 89
14 -92 -17 83 -87
16 96 90 99 -86
-18 24 -86 36 80
55 96 -93 87 -23
-85 72 -7 25 -70
-46 -52 18 0 -66
28 -37 87 72 -97
-9 79 -27 71 -25
-45 -3 48 86 -56
-75 -10 49 -13 89
-65 -53 -52 68 -59
-67 97 -44 97 -91
-94 -85 -94 -78 73
6 -6 -54 27 24
52 -18 20 -79 -18
-38 66 -59 -82 -9
26 61 -80 -8 -96
57 20 -88 53 -15
-17 -62 -48 1 91
87 56 -93 -87 23
-22 -49 -57 54 -82
67 96 -27 -35 74
-56 92 25 35 53
-72 -16 87 -64 95
50 -63 -34 69 -98
-52 -33 -39 -25 3
27 -21 -87 67 50
-86 -72 45 5 -78
85 45 -47 -53 51
56 52 52 -56 -62
1 -4 -5 -61 -82
-56 79 44 -80 29
28 -45 4 53 -35
18 91 67 -14 98
31 92 24 -92 37
-69 32 -1 -60 -57
98 -80 -65 -90 51
-50 13 87 -42 -93
-53 -45 68 53 22
-37 26 -20 -15 -1
84 -100 2 47 -61
46 94 0 -54 -29
46 61 -84 76 60
-85 40 -42 -68 -95
-27 87 48 -12 4
20 -36 -87 -56 59
62 -23 70 -43 53
36 -60 -25 28 92
32 -91 9 -51 23
-23 -92 67 37 -16
63 83 -86 64 30
-44 1 9 19 -18
-78 96 53 50 49
4 25 -17 95 -60
-51 -75 -17 -17 -32
28 0 -71 15 6
-24 81 -100 -10 -73
50 -93 67 81 5
84 -66 -79 60 -100
47 -18 9 65 99
29 -79 -25 -1 -50
-7 -25 3 -14 -33
-74 -48 45 -68 44
75 -85 -10 99 -88
-77 25 -42 15 56
52 -51 -20 85 -29
27 73 -78 26 27
-4 -62 -29 -18 58
76 59 -11 -93 89
51 1 68 -65 -43
31 64 60 -85 -49
-51 0 -96 -48 41
32 -79 69 77 -90
95 35 -22 9 -20
52 61 -81 -99 -40
54 9 -17 -17 -18
2 -42 -63 75 83
-46 78 -55 -18 -19
69 2 -47 -81 59
-38 86 -100 -65 -10
83 -86 -48 -41 -77
-77 1 -44 -36 -93
-90 -91 87 -70 54
80 38 51 57 90
-13 -23 64 20 33
58 -33 62 -100 -57
68 55 -67 98 -44
-20 52 87 80 -40
-32 30 7 24 -82
-59 27 -5 29 -51
-83 -47 -44 -81 -91
29 -85 62 73 -8
-44 59 -18 -19 -8
90 43 36 23 84
-28 -8 90 -8 5
-18 -22 -9 -92 -83
15 19 -9 -13 -14
-36 -19 -52 96 86
-40 49 17 13 31
-45 -54 76 -100 -82
-86 -64 58 -41 56
63 -58 -80 -94 10
-47 -77 11 65 -83
-78 -68 0 64 74
-68 -82 -79 10 -1
-99 -24 -54 -60 77
-81 97 -45 -1 -76
-49 51 -54 -37 55
98 61 27 73 89
-79 41 -28 4 48
-51 87 32 -27 -49
-67 -22 -49 -17 -96
-28 -57 -1 -71 -64
-42 -37 39 -89 -26
-84 88 -92 -62 -2
9 -22 54 15 32
-33 59 31 49 65
-99 -45 -42 -18 -77
25 -41 99 -45 -56
48 -1 29 -24 73
-66 -90 -40 -1 42
-35 -57 -50 60 -39
-3 77 -56 -84 -87
1 -48 -17 -58 -93
0 -94 81 26 34
27 67 -28 47 -38
-33 86 69 -48 -44
49 -33 -3 -55 -98
-23 -29 52 -35 14
31 4 -33 75 -71
28 81 -26 -78 -62
-3 -55 -98 -16 96
-64 34 -50 94 -75
-74 74 -19 -98 23
91 48 25 43 -50
34 12 -49 -81 -48
68 82 34 65 2
-76 -15 -53 57 -44
19 -98 79 57 -59
91 -34 90 -11 20
25 -40 76 -45 -42
-31 -33 -97 -70 -49
80 -58 24 17 90
-76 -59 -4 22 -67
51 -4 2 -52 45
-27 -35 53 -88 -67
82 72 69 58 2
-32 -15 -30 88 74
-86 38 -87 -96 91
-63 30 2 1 -47
52 -7 64 60 69
76 -40 55 54 -61
-61 -22 41 -78 -75
98 -24 16 -30 -100
0 -72 68 -47 54
-14 73 80 -6 -71
-49 -58 85 -56 90
16 63 10 -94 -93
44 87 79 -26 60
39 38 -8 -88 9
37 45 -100 -71 53
-37 -59 -81 32 -86
31 12 -85 40 -60
-12 -22 -35 -68 -48
-79 64 -22 19 23
-93 40 -27 10 -16
-72 37 -38 -80 90
21 85 72 22 13
84 -63 92 42 -28
57 37 -94 36 40
-68 -12 0 -6 -94
35 -86 -11 -14 -46
-1 48 -48 -28 -20
72 -23 31 -65 10
-51 -40 3 78 39
89 -40 -68 7 60
25 2 23 85 93
95 83 19 -45 68
12 93 -78 91 -85
67 -18 81 75 64
-66 43 -20 34 18
-99 36 -94 72 -62
85 -7 -36 47 72
90 -93 95 -28 35
3 20 -63 -16 47
-52 -45 -42 -86 -45
7 -89 -34 -36 -19
89 14 -4 -43 -73
56 77 -87 31 -73
-1 54 -68 -96 56
41 -73 -28 -47 85
-99 3 -11 19 58
-21 -64 97 39 72
-100 23 -37 -65 -11
-22 66 17 83 -63
81 47 -85 49 22
-94 -30 -37 -77 32
7 88 -1 -27 -86
56 -34 37 97 -20
0 50 -91 -16 71
-22 -66 -14 -80 18
22 14 29 -91 83
42 50 86 -42 21
31 9 -48 85 -85
97 -47 24 59 2
-60 -6 26 54 -21
-52 13 -2 -82 -30
-35 76 89 2 -55
-42 23 -73 -10 -22
77 -100 39 -13 -9
-81 -32 70 68 87
98 48 1 -14 31
-7 30 4 -33 -94
57 28 -38 -34 13
-31 79 94 84 -99
96 69 -89 95 -82
-96 -44 -61 -44 -54
-47 14 22 1 46
-94 9 -66 -86 49
96 68 -98 -37 -51
16 53 -12 61 73
49 69 -98 3 -22
-96 20 -45 -87 4
-41 -69 33 -18 -47
-55 72 14 35 99
13 -15 -59 -91 33
85 48 -85 -1 -63
-95 -93 -69 44 25
-19 -75 33 77 -8
-43 75 -59 -8 63
-28 -5 23 -93 72
68 67 40 -78 26
-94 59 10 60 -95
-28 -97 4 64 -27
-58 -36 -39 -69 -6
3 -78 15 22 -57
48 -69 -27 33 29
12 -47 -56 -26 41
-25 56 -2 25 60
71 -15 26 -24 -67
70 51 -13 96 54
-92 -95 95 -91 45
19 91 -22 55 -20
-69 17 77 32 -15
-91 -8 64 -84 -26
4 63 44 -89 -55
55 49 -95 71 -91
82 -69 97 92 28
-26 37 -51 -11 14
-16 -6 -63 97 25
-7 -11 -78 0 -82
74 84 -98 -46 26
-7 43 43 90 8
-27 -56 64 18 72
84 60 -7 11 -1
-76 -53 0 22 78
33 10 25 41 15
-96 70 -22 32 54
-27 -56 -100 -33 52
-27 71 -76 34 64
95 -64 18 31 98
20 62 65 -79 -86
78 -34 48 15 24
-97 -51 74 60 58
-21 28 69 7 55
95 -3 -1 45 -75
29 -14 -98 -75 39
-40 79 -53 -60 60
41 71 -18 -11 19
58 -9 19 40 12
35 -75 -57 24 93
-96 40 -64 3 49
-65 9 82 15 -68
6 94 50 -19 -94
-62 40 -37 -56 -41
-80 81 -14 34 -84
-40 -51 -53 -29 -5
70 6 8 -10 -69
-3 -13 4 37 56
18 37 77 -60 84
-96 43 71 17 -98
-60 41 -88 25 76
-32 0 -62 49 -44
-30 66 30 74 -30
-1 50 -84 55 -30
-95 -82 -57 23 -32
-60 24 7 -65 55
84 30 -4 69 99
96 39 -87 -40 -40
8 25 77 -58 -6
69 -77 -84 -3 -100
78 9 -63 -59 18
53 39 60 18 -96
-9 -83 15 74 -20
85 -2 -2 17 97
-34 -34 51 -73 26
65 88 69 83 -54
6 98 64 -49 90
-94 -46 46 -18 76
-9 64 49 -11 66
-83 92 -59 -95 90
-19 52 67 53 -63
40 -63 -67 66 59
-53 50 41 65 -1
85 -48 98 -58 79
19 -32 51 15 -19
-93 -26 -1 63 95
98 -13 -66 17 -3
77 -47 -54 -93 -100
-86 -71 90 -54 0
-41 52 -48 -57 -90
55 -17 -93 -77 88
-61 88 16 -45 -84
-45 10 37 -38 -88
-62 -31 46 -80 36
15 -23 51 77 -28
-92 -89 -51 -26 -46
-87 41 47 -53 -71
-65 -29 74 -96 -34
-89 20 -39 -45 -38
-57 -19 67 77 -73
-11 -93 -76 32 -75
7 -66 -32 -69 7
96 -54 -57 95 -47
-86 -97 2 -47 -83
-6 -85 21 19 6
7 96 -88 38 -38
97 43 43 -40 74
-13 16 -73 -5 -90
-48 -89 -70 41 -53
-15 89 -14 -23 -68
66 17 -48 -77 -53
-22 -54 48 41 -88
12 87 86 72 94
6 90 22 36 -47
59 79 -4 48 -30
8 68 -74 53 18
30 -66 -76 -16 7
-39 31 -82 -32 -33
-18 39 62 13 -17
49 89 58 -23 -26
-72 -91 -92 -27 14
10 91 70 82 43
-75 25 73 29 -77
81 16 -96 -100 17
-9 58 84 45 -20
17 7 -34 -97 -62
-80 -67 64 -79 9
47 91 -7 -51 -90
-4 -34 63 -24 47
40 39 27 68 -68
56 8 64 22 95
-60 -13 81 58 -30
-56 75 86 49 51
26 -94 -86 42 3
-18 65 48 31 -89
-4 27 -3 30 1
85 -65 89 -20 -32
-33 -57 -10 -62 95
-80 -36 -49 -99 24
-74 -76 -37 28 -60
15 49 9 -73 -94
81 -10 -33 16 -61
35 33 19 -95 65
-21 15 6 -63 -84
-83 54 55 9 -7
56 65 24 -49 -21
83 50 85 -52 30
-52 72 63 -96 -72
-51 -92 -25 14 53
-56 -66 8 49 59
-33 96 40 61 8
-78 72 -12 -83 61
32 29 61 -75 63
-76 26 33 77 34
-60 73 94 -47 -48
88 1 57 -73 24
44 52 -93 -36 55
-77 4 74 -80 -51
75 9 96 -29 34
0 89 5 -41 -55
84 -46 62 -48 48
-69 47 56 -91 -42
-46 -56 -94 -82 8
11 -60 -45 -48 -6
1 -3 12 -100 -95
-28 -48 69 35 27
-26 -98 87 90 -81
72 -58 -97 -74 -23
54 65 10 37 73
-7 -95 -16 -95 -23
38 -33 -91 -3 -19
17 51 -96 51 81
-98 30 -4 -22 -88
17 40 96 35 -62
33 -36 -56 -97 -32
-68 -88 25 15 85
-9 -84 -67 35 -28
22 20 -96 -42 -55
45 -59 26 65 -70
-94 15 14 34 45
-80 -91 -5 -12 -81
-95 -16 10 -76 -37
-67 -26 70 5 -12
-4 47 -52 -54 -41
81 -21 -70 -89 71
-17 65 73 84 67
-6 93 -81 98 21
75 -50 8 95 13
-60 -35 39 -34 46
-16 34 2 -78 59
-44 35 -92 -1 -16
8 35 47 68 -79
38 70 93 -28 87
-8 98 -93 38 55
19 35 -80 -6 90
33 54 97 -14 -36
-83 46 31 45 -46
99 -35 6 44 -79
-9 -48 29 20 -17
-29 10 83 -2 23
18 -2 -46 -70 -40
20 29 4 60 98
36 -52 84 5 -69
-46 -30 85 -87 36
-42 81 64 -80 36
22 1 -67 4 72
72 19 -48 92 -17
-95 83 19 -22 -39
61 43 62 -24 5
38 0 -13 -66 66
-51 -15 -33 3 -99
39 75 88 -38 60
-83 64 53 -54 -62
-100 65 -75 46 -26
38 46 85 97 21
28 -7 54 -40 23
60 57 76 95 -8
-25 94 -23 -12 -64
-35 -91 -70 -29 56
-88 -99 92 45 -88
-65 73 95 55 -7
-70 -50 39 94 -32
-84 -3 -11 -20 -23
-34 87 87 19 58
51 -12 -12 -8 -49
-89 -26 80 1 42
46 -58 -31 -90 15
42 75 -79 -30 99
84 -98 -46 -98 -5
65 18 -48 36 37
32 65 -29 -26 92
-22 24 9 86 71
27 32 75 50 98
88 43 -85 55 -49
81 56 71 -16 -59
-14 -17 45 43 -35
-47 -69 71 34 85
-68 18 95 -79 -5
49 -38 0 50 17
23 3 12 10 41
84 9 -35 -85 92
-54 -74 -46 90 -38
-18 73 86 77 54
59 -36 3 -11 -78
-53 6 -99 84 -29
-10 41 10 95 97
-77 40 -51 -8 -14
34 -81 -70 -61 -35
84 -37 42 -100 11
-7 82 89 7 36
-92 0 -63 -14 65
27 24 52 -3 -89
-81 -38 -27 -9 66
-99 -12 -70 52 81
-10 38 -38 -100 -87
27 39 1 36 -68
46 -14 -39 21 58
84 -60 36 73 -58
14 -15 -52 33 -67
28 80 45 96 76
-77 -48 72 46 -44
-66 -34 -10 9 31
-22 49 -57 -86 15
37 9 56 -90 12
64 74 -96 47 -10
-57 -44 -58 72 37
-81 -99 97 -98 -41
-83 -73 -69 54 82
93 18 -47 -42 -6
-12 17 54 17 63
-62 -87 -25 -34 -39
68 -20 -70 -24 -22
-49 -2 -55 -11 69
96 4 39 -33 62
-89 -49 -7 -96 -16
35 -76 81 -4 36
46 74 -28 -47 13
44 -41 -25 -13 39
-91 41 58 -45 -58
82 64 -94 -56 53
0 6 -49 4 -55
37 80 -89 89 -27
62 -99 -15 64 -64
2 17 38 -47 51
11 -79 51 90 -34
41 -38 77 40 -92
97 57 -19 -52 71
2 -88 -30 26 73
77 -50 7 -73 58
12 -61 -13 60 -12
80 -63 -17 34 81
-61 77 96 -63 28
86 87 -40 5 97
-22 47 62 -8 65
-8 65 -92 5 -97
-56 19 -93 70 90
42 36 -42 28 -35
40 59 61 27 64
81 -55 22 33 14
-90 -34 94 -61 59
12 87 -72 87 32
37 -96 -60 -45 -59
-1 -50 96 33 86
76 -49 9 24 -17
82 -2 87 -5 -1
-58 -81 37 36 -1
86 22 -68 10 -34
-6 -70 50 46 60
81 -87 -22 62 -12
-65 45 -11 65 18
-1 91 -61 55 -69
99 -100 17 -82 -90
-13 -98 -90 -60 41
13 17 99 -85 -44
45 6 -53 30 40
-22 -86 6 97 34
-38 -51 -13 23 -73
-99 72 -64 -63 67
34 -92 -70 -80 -87
-46 -38 82 -24 -29
-68 -29 99 32 31
-96 -1 -95 99 14
-16 29 31 91 -27
78 5 -95 46 -57
57 -94 72 68 9
74 78 -37 46 7
-82 34 -43 21 87
-47 -57 -48 50 -92
3 34 -69 -46 -10
-63 -78 8 -35 -56
74 -91 -64 -43 18
81 -2 94 71 23
-21 -13 98 -30 -5
-66 -32 -61 27 -1
-30 -94 -86 49 43
-60 87 -10 -19 22
28 2 57 -18 -20
45 39 95 -100 13
37 -54 -26 26 -45
-84 85 47 -15 -86
-46 76 -83 76 -45
-55 -92 78 -95 -44
78 -15 49 -32 -24
67 -71 7 83 -84
-46 -28 5 98 -20
-65 -93 65 96 2
60 -40 -70 19 29
50 75 -84 -7 14
-45 -52 -77 20 -87
37 95 23 52 81
81 4 25 19 82
5 73 -70 -45 68
-72 -53 -3 -83 89
73 28 -82 60 64
47 -50 81 88 6
-95 -66 -89 -41 66
-48 -86 -57 75 14
-94 58 -53 62 33
79 31 -86 -61 81
-23 99 86 14 24
-77 -6 -99 44 57
-100 0 73 62 -1
-8 -32 -41 -42 -38
-96 50 95 5 -40
89 75 43 -85 15
-62 78 92 -43 -86
71 -30 -89 20 67
11 -10 -82 -43 16
73 13 -97 60 -61
73 11 -80 95 -51
76 36 24 90 -11
-60 26 11 37 -31
-6 19 63 14 99
-41 -62 -78 -85 79
-89 79 -21 -24 80
25 85 -77 -56 8
-58 -57 -97 -74 70
-79 44 -20 -26 -67
87 70 70 69 35
70 -3 -62 -13 4
3 -72 80 66 19
14 -8 -95 -75 -20
-1 -89 13 53 1
-66 -38 14 -88 -34
-87 -18 37 16 -25
-61 13 -93 -57 -12
-28 41 -48 17 58
36 67 -41 -10 97
-85 -79 -9 27 -35
-36 -32 -78 -36 25
83 87 -67 -54 -22
-19 35 -90 6 -47
-90 46 -73 -28 -6
-98 26 -95 26 -48
-93 -44 45 30 -80
10 84 68 79 -92
73 13 25 -16 -48
-83 85 98 -97 68
3 89 98 -42 -28
94 90 -52 -59 44
31 37 54 -9 34
-2 -35 -28 87 62
95 66 17 46 -13
-41 -78 93 10 55
-36 -93 -26 55 -60
72 -95 58 -66 -77
-55 82 48 -33 28
68 -66 -80 87 78
-77 -52 54 -74 55
-5 1 -32 22 -21
89 95 -65 -74 71
46 -97 45 8 73
-49 4 -40 -98 73
0 -96 10 -73 -100
29 -46 -27 37 78
-26 -23 -59 80 22
68 -14 -61 21 65
30 26 -87 80 41
41 -97 96 -26 89
44 -63 -100 39 -4
-74 45 -86 77 47
-56 -31 54 -95 -31
17 -10 -98 33 56
-12 -67 -67 -46 -35
-1 -73 48 70 57
20 16 -93 98 -63
71 -39 -22 72 46
-15 -11 -9 10 -35
91 -30 -13 -3 0
-58 20 -89 49 -49
-50 -36 19 80 -46
51 52 -62 7 -58
47 88 -80 -5 57
-99 -88 68 72 8
-32 62 -81 43 -52
25 69 44 92 57
56 10 90 -69 -71
-19 -37 79 31 -72
-92 59 -92 37 -13
-53 72 60 -21 -24
1 -72 88 56 -94
90 35 -89 47 -26
12 53 -74 40 33
-57 -50 18 -38 -56
74 -1 -51 24 33
-28 -47 21 60 83
95 13 -87 -8 96
16 97 24 -31 -53
-97 76 3 81 -37
-21 18 -68 -67 84
-80 -8 -6 -38 -62
57 7 -11 -17 -25
-7 -91 91 -61 -24
-52 3 -35 70 -40
49 85 37 -3 -30
79 4 -32 64 87
-38 -20 85 -75 -65
39 66 38 47 91
-79 -73 -28 87 -24
-28 -12 48 98 84
-66 21 -44 -70 81
93 97 -59 16 -41
-25 53 -49 13 -11
1 -30 55 -94 -100
-1 -16 92 -50 28
-33 -56 -16 -21 53
-49 -91 -70 -63 -47
-56 99 25 51 -82
95 -94 -69 -68 47
-6 43 36 -93 42
9 34 -57 84 -97
70 -75 -92 -32 -94
11 28 16 -67 28
43 84 46 -17 -39
-20 16 72 -29 98
82 26 43 -60 -1
81 39 -89 86 -13
-89 44 75 -41 77
2 -76 -24 -54 26
6 -67 80 -26 12
60 -27 -87 0 -93
-77 21 -85 96 -14
54 19 -39 91 -72
-40 74 92 83 -95
-44 44 -17 78 -2
84 -4 -68 77 -3
29 71 87 43 -41
-12 93 -64 27 -97
97 -46 41 -21 -52
49 -45 15 -25 -41
72 57 73 -14 28
69 33 28 22 73
26 -52 36 -87 51
56 -90 56 51 -8
23 -28 -100 -16 38
-81 -29 -30 72 66
94 -47 -58 -14 -1
88 35 49 67 68
81 -53 77 92 -35
79 -28 4 40 35
-63 76 98 -96 6
21 62 33 94 -83
-62 -16 66 18 -93
-99 -46 -60 83 30
-83 2 32 28 57
-3 -34 -30 99 -14
-99 -85 36 -18 -77
-61 -50 -85 13 76
-91 -39 -6 99 -43
7 61 -32 89 -62
35 80 32 -68 15
-54 -74 36 -31 42
-85 8 -71 38 -35
-91 -50 -29 95 22
71 -46 -59 -23 61
-6 64 77 -20 -89
87 84 -67 -80 93
69 52 88 -27 -12
88 7 -68 -20 42
-93 72 64 11 -48
37 5 98 -66 46
48 -58 -91 -85 93
-78 8 -40 -12 -2
-69 11 -72 44 -3
20 37 16 34 96
-80 35 -22 37 58
-80 90 3 32 38
34 12 61 23 -58
72 25 24 93 56
64 38 -51 -73 -69
-25 -28 21 -24 28
-52 -20 -48 -11 63
69 -90 73 48 51
-19 -86 34 -44 -87
68 45 -76 -49 -93
-41 48 -65 37 66
18 7 -90 68 59
3 -20 30 -7 -95
63 -67 -89 43 47
-53 72 31 32 67
-72 -96 25 28 93
53 70 -48 -54 26
-38 29 86 -9 -5
97 -51 -78 -89 18
-29 -85 99 -87 36
89 -1 -36 -15 70
-21 21 -90 -59 22
-44 35 20 97 -24
87 -27 -37 44 -30
22 58 26 37 -57
39 -96 -16 26 19
85 49 84 68 -70
-57 93 22 -57 13
-62 -32 -49 32 49
50 92 -58 15 -32
-29 -65 -51 7 -21
3 83 -37 -61 -67
-15 28 87 84 72
-25 -65 -71 0 -88
36 81 14 -47 -10
3 40 74 -84 -88
-1 90 -72 83 -75
32 38 54 -35 66
29 -51 48 11 -87
9 -97 22 -77 -43
-3 78 57 88 96
51 -92 92 2 -5
20 -71 -22 19 86
-59 9 4 38 -69
17 -91 -65 -6 -24
-66 -86 21 31 90
97 74 -3 32 -78
-60 -84 -86 -4 80
50 -81 -67 57 9
30 78 72 -33 76
-28 -94 76 37 78
65 36 45 -3 51
-81 45 -86 -45 19
-32 -100 75 12 -24
0 -24 4 37 -61
91 -41 -22 -13 69
72 81 -10 -19 -17
-25 -68 -16 2 73
25 -41 36 -68 88
-89 -11 -41 21 61
-71 53 -77 22 -10
15 81 -42 98 98
-45 -45 -99 -65 -4
90 -14 28 27 11
-46 28 18 -64 55
-23 -11 79 -63 -39
66 -2 18 -58 24
88 42 7 -44 -86
-96 7 -17 -15 -60
32 53 99 -61 85
-49 31 78 2 -49
-94 57 -12 44 30
1 11 -24 -84 37
21 20 80 98 43
-83 -52 61 -96 -77
47 -21 52 -22 4
-98 14 -52 -35 67
-33 -45 -77 -71 -46
-65 -32 26 27 47
-23 -51 50 81 -68
6 38 75 -19 60
-30 86 56 -85 -48
-56 -67 -58 65 -83
-37 -81 -23 -80 -28
-35 46 0 -76 -38
8 -70 76 -77 -31
35 9 -84 -15 95
64 -4 -36 40 -37
-48 -28 84 -56 -68
71 16 7 -61 -33
89 -29 64 15 36
-36 65 35 34 36
-64 -99 -32 -90 86
-40 1 -21 -29 29
8 -53 -1 33 82
30 -48 42 55 -91
-62 -46 64 -32 -68
-6 94 -17 97 69
-75 14 -29 -52 18
62 81 -79 -29 40
96 88 70 21 72
-62 -17 -91 86 -27
-96 -85 34 36 0
-59 80 98 81 -91
-71 -47 -78 96 15
-6 -16 -74 -29 -94
-61 91 85 47 -39
25 94 -29 -16 37
26 39 87 98 50
-8 11 2 26 21
-39 99 -65 13 -96
-98 63 -93 -82 -7
-67 34 -2 -91 58
-9 73 35 92 96
41 -4 70 -4 -14
-34 -83 81 -33 -7
97 40 -46 -58 -3
52 -97 -19 -84 -69
-71 -15 51 -93 -5
2 -55 -12 54 -45
1 -41 67 -98 -78
-17 37 57 70 45
93 85 21 14 -63
61 -98 -41 -91 13
-17 96 -18 55 -87
6 -67 9 79 85
10 -77 63 88 -72
1 93 -83 -64 -60
52 -93 -28 -15 -64
-20 43 -94 -56 -100
68 11 75 12 -100
-11 15 95 -27 98
-1 -87 -100 -96 24
92 48 71 -100 98
30 16 -88 -29 -60
-73 -15 -40 60 -39
-76 -74 83 -82 13
67 -39 2 -41 18
31 -28 52 83 -57
99 -63 60 9 22
64 9 -72 -84 4
22 93 78 -82 -45
34 -59 -51 -33 12
10 24 36 98 -59
52 -99 -21 62 -9
-13 11 -63 -37 -37
-53 93 -84 -89 90
-97 -10 -73 81 -63
90 -52 66 -9 30
34 69 91 -62 70
-98 87 -90 -48 46
-66 -26 -2 33 81
-33 55 -46 56 -10
48 35 71 38 33
-89 -68 64 -96 -87
88 87 21 25 99
-4 -95 20 -53 53
58 18 80 -32 71
-4 21 -79 68 79
14 29 46 -61 -54
20 -31 -54 24 7
-34 -10 40 -55 -99
8 -97 41 55 -45
63 -93 -11 34 -71
-58 -58 -58 83 -96
18 -72 1 -20 -89
32 84 -83 45 -94
-94 94 63 -33 88
-64 -69 -99 -98 -76
18 65 8 6 -4
-6 37 74 -71 -31
21 -100 0 63 -18
-2 29 2 74 15
53 66 0 -94 -98
-31 -99 97 47 -55
27 -97 72 -32 -15
-11 11 -50 93 -51
-70 31 23 0 -8
1 54 42 -29 -8
-66 -94 66 58 60
29 -28 -19 -18 -27
68 -67 -60 42 77
-66 28 1 47 -87
-84 -43 24 -61 -96
1 53 16 44 80
86 3 -85 89 37
71 -28 57 -57 40
64 13 91 20 34
10 72 90 5 94
-1 49 59 93 72
-40 -85 7 -78 -61
-88 84 -95 90 99
-30 2 48 -46 -10
67 42 -88 -26 99
-87 35 83 81 23
12 27 43 80 4
-39 -82 19 -64 27
21 -44 -53 34 -58
-35 -1 59 77 90
-48 33 -23 -61 -79
-81 -48 77 -2 -57
-95 -29 -22 63 36
85 -36 -31 -17 93
77 -23 52 10 -28
-85 88 -2 -42 -27
60 55 47 -3 87
-63 -82 17 -6 -66
-90 80 -69 32 62
-26 -84 -100 84 -68
74 19 82 79 -2
0 -62 -82 21 13
-47 36 30 -45 50
-98 -7 -99 -39 -57
49 59 90 -13 -78
-41 56 36 -97 -85
41 72 -24 89 -76
62 -74 -18 -69 42
-4 91 -11 79 -54
-41 -100 -28 70 -48
-59 79 23 -13 -13
-34 27 -40 -18 31
98 78 42 17 56
51 9 -40 -20 -33
-35 90 50 -30 -94
38 52 -6 73 37
77 64 -23 -88 -98
8 -17 -76 -27 -98
94 50 82 92 25
-1 63 -90 -28 -86
-12 -78 -12 74 3
43 -29 -46 68 -59
-27 -66 -47 72 22
36 -46 -33 -12 -26
70 -94 76 88 -81
19 62 59 -74 -73
82 -29 59 -28 76
9 54 -40 86 -23
-1 38 -66 -93 19
64 59 -48 -71 66
48 37 9 -50 44
47 -46 73 -48 45
-43 18 37 85 -18
-2 38 -81 -15 27
-18 -39 -69 80 24
5 -25 -14 -98 66
56 65 -64 38 60
68 -53 -65 12 28
28 7 47 -43 -32
-85 30 35 16 32
-41 6 23 68 30
18 41 83 -95 37
-2 91 49 77 -41
-90 79 -49 -39 65
0 12 -45 5 70
-27 35 27 -47 77
80 -15 -82 -83 2
-35 -57 -43 -86 5
73 77 23 46 99
-27 -47 -9 98 -54
98 60 -93 -90 -73
-96 82 -47 32 93
-13 73 34 18 -11
34 -56 25 -1 -38
-97 37 -75 20 86
55 82 -18 87 27
-66 55 -2 44 3
-36 70 -25 -83 38
-17 91 45 -73 11
-20 77 88 -93 -70
9 52 2 55 86
34 -75 -49 -48 85
61 -33 -16 -62 -67
52 38 -29 42 97
-6 27 -58 -93 -76
-97 76 -75 70 66
-22 64 65 2 -68
-62 -35 -52 -87 72
-53 24 -95 -31 25
-90 8 23 44 85
32 -48 -90 -27 -5
-69 -99 16 27 -87
37 12 77 -79 -62
-56 -52 -25 -49 43
50 61 -16 94 -18
-3 17 -57 -44 3
-65 15 -41 31 45
-11 62 59 -65 42
-9 11 28 26 -46
98 83 -33 36 58
13 58 -30 68 63
-54 -15 21 -98 64
-55 -58 -95 29 74
31 -39 40 89 97
66 -89 27 92 73
64 -9 -98 34 -85
-87 87 -95 -11 -63
-50 64 -9 -61 16
0 -41 -30 -100 31
-52 -39 53 -1 -49
58 -48 15 -91 -75
35 -13 -62 0 -57
10 -12 26 -33 -42
87 48 70 -51 -9
-1 -35 15 -32 62
41 68 -48 -67 7
84 0 -20 41 -15
80 7 -75 -38 -82
26 -62 -94 -57 -45
11 88 59 29 97
-39 69 53 56 31
86 79 34 56 -26
35 7 -81 -76 98
87 58 22 -74 54
-26 -73 -55 -89 -97
94 11 -64 -12 70
39 6 24 -99 -80
85 -85 -31 -87 58
-87 -92 42 -24 -9
-85 85 -83 0 90
65 -80 -21 -53 62
-7 59 -91 35 68
-64 -60 67 78 -56
-79 -52 52 -88 -77
86 -6 42 -1 63
40 -33 20 46 66
57 -4 -60 26 -87
15 -84 19 -82 15
0 -64 -10 -55 -67
-99 8 -82 19 -36
52 -84 -49 33 -77
53 -63 -66 96 -55
-82 -25 -43 9 -2
85 98 25 77 -68
-99 -6 12 78 -12
17 91 -30 -17 39
-55 35 -57 -32 94
69 -79 28 33 -2
6 50 69 -9 -93
-49 15 11 31 -73
-56 -20 -88 -18 -96
37 -49 -53 22 84
-81 -15 70 85 -23
-42 -69 -95 80 42
52 -23 -90 -48 97
-33 -1 4 -97 -71
-5 -74 -51 -82 -63
76 46 -38 82 -22
42 -49 -54 16 67
-60 -76 20 -92 49
-75 -34 27 25 0
-75 32 64 3 -96
99 -34 52 86 -45
8 42 -75 -67 10
-39 12 96 -19 77
-54 -57 32 -61 -55
-96 -85 65 29 -78
-100 48 98 -63 -54
-29 -57 -23 60 46
-76 57 18 -25 -63
-3 -58 -45 7 -39
96 3 -55 36 -1
-44 -21 30 23 -14
17 31 -32 11 57
-97 -13 37 -28 39
-50 2 16 -20 19
-35 74 -4 -74 7
-22 46 -80 -99 -59
13 87 90 24 26
1 59 71 -18 -1
22 43 54 64 16
-6 -82 -15 -74 -7
80 -6 -79 56 24
-64 45 -7 -10 -16
24 18 74 -54 39
41 65 -19 -66 87
-70 -28 1 -44 -54
-38 5 -28 -19 -80
6 -58 -55 27 36
-42 -97 -45 -23 -20
64 -74 -91 15 -50
34 80 45 -51 3
-56 -79 -34 70 45
-50 -35 -28 -20 24
-76 -86 11 6 -5
-89 -18 13 -12 -33
91 -79 -30 90 -24
-73 -97 14 73 -92
-85 12 -98 -18 -91
83 34 35 -72 91
0 24 -26 -65 90
-13 80 -54 -87 9
-36 -32 58 54 40
-73 -78 -91 -73 -44
58 -43 27 60 -98
36 -91 8 30 79
85 22 5 1 90
-45 -25 -62 82 -65
64 89 48 -45 -70
77 41 -7 -71 66
-53 -64 59 -23 -16
-94 -79 5 51 47
74 5 -85 -25 17
-57 -36 -47 -22 -26
-86 -10 -48 -45 -12
-64 -61 -62 -34 -50
58 66 17 36 77
8 -86 13 15 -30
-53 10 -11 -8 -70
66 -63 -8 15 -85
-6 62 -81 -71 -25
64 64 -79 -100 47
44 -32 53 -73 -74
-55 97 -53 -23 -49
-77 -37 -57 -90 -19
76 73 -82 -51 48
-2 32 98 28 74
75 10 28 85 -71
7 67 -68 -78 -63
28 -9 -42 85 -53
-37 -1 64 -22 -86
-30 36 -50 -83 57
-81 -35 -4 -97 -55
-48 -15 57 20 17
-5 -15 38 -81 -79
-7 16 -98 63 -25
-13 18 95 -61 -60
-40 68 17 -79 -39
67 -80 -9 -44 25
-69 -27 -28 89 14
44 -43 66 -81 -49
-22 -70 70 77 39
-77 -96 -67 24 27
59 -69 15 -56 85
-16 -86 -39 46 -5
-12 31 -73 1 82
57 -15 6 -71 -98
-32 84 78 -88 -55
-13 84 81 58 31
87 43 -43 -98 2
11 13 -46 70 65
84 38 -15 91 -93
29 -69 -11 -79 -90
-28 39 -24 -42 -93
50 -80 97 41 -17
-42 -28 -14 60 -67
-2 -63 72 50 -56
-54 78 -15 -90 27
15 95 38 25 15
77 41 80 -56 -9
74 11 -41 1 37
66 2 -72 28 -46
25 -5 43 -7 58
46 46 -85 -69 11
82 -48 -57 -81 -9
-72 -100 13 -35 3
15 70 -84 -10 84
-99 -82 76 45 -98
52 82 -84 59 -55
98 34 60 -69 7
-15 -73 -93 -49 -53
15 32 56 37 -3
-70 49 -19 75 -53
-97 -98 38 -67 -60
-52 19 79 -83 -57
-56 93 -62 -7 -41
57 -93 32 4 19
-25 29 25 86 86
52 2 65 81 -97
73 13 64 -78 -62
-43 87 80 22 -77
62 -52 -23 -45 -46
63 13 58 -42 97
22 -68 -72 -76 -4
59 -51 2 -91 -20
-82 -28 -61 -59 42
83 32 -55 99 -59
62 -17 -23 2 -8
84 -57 -99 -100 -49
-42 34 65 42 72
96 -17 38 31 -26
-97 -33 -65 -87 -45
-62 65 -44 59 -65
-84 -38 98 37 -25
9 -73 -90 59 95
-97 -64 -38 -69 -77
27 24 -57 46 93
-24 88 78 -2 65
-21 6 -7 14 -57
61 43 35 -96 93
43 30 -96 28 -53
13 -34 -87 -9 79
-96 95 46 -41 -8
52 73 85 94 32
-72 -4 -45 -14 77
29 77 -10 69 -93
62 15 -58 -31 54
48 -9 69 -35 26
79 78 -98 -17 -62
8 -98 73 10 -87
-27 69 91 -28 -41
-5 -59 -95 22 -98
95 -59 59 43 57
76 54 43 -85 52
73 -56 -59 -19 -94
96 25 56 63 -11
-84 72 -61 1 -96
-7 39 -62 -82 93
74 -41 81 -99 52
-44 90 92 -65 -21
79 -61 6 -23 -100
68 -74 52 -92 -54
-3 86 -15 32 37
-54 65 18 -27 -73
-77 -99 -39 31 70
-91 -72 -55 -73 14
-45 -74 -80 66 8
40 62 75 7 -29
72 79 -43 54 -8
-83 -60 -74 -47 -42
74 81 51 93 41
92 -13 42 -95 4
31 95 6 60 -43
-76 55 54 -88 -6
20 83 81 8 -74
-9 94 -92 -43 73
27 83 -18 -76 -23
89 -97 25 38 -68
-67 -66 52 43 10
65 -9 -40 54 -54
-83 74 73 -79 -18
45 21 3 27 42
24 22 30 19 70
-14 -39 -35 -33 17
-92 -29 93 -57 16
25 -79 -69 -95 -21
45 50 -73 18 -100
-72 -98 59 87 -1
-88 14 -88 -85 -16
-53 43 5 42 54
87 -38 -33 -96 -3
43 -67 62 -77 -48
62 -60 -3 -93 -30
-13 70 49 50 73
-98 96 47 -27 20
1 -8 7 -63 -77
39 -54 -56 61 64
32 -12 54 -6 32
33 -70 -94 -41 12
62 59 -1 -19 -61
-85 68 -24 16 -86
-75 -19 36 41 91
-82 91 -46 84 54
19 -72 15 -58 3
-29 69 98 -26 -36
-91 -78 69 -16 -73
64 -44 69 -20 -52
90 -24 -68 57 80
-3 51 85 64 -30
-29 -38 49 -28 67
63 -77 17 -37 -4
98 42 19 90 86
-80 -99 -20 -33 -37
-98 -10 51 77 -86
-58 -99 7 94 66
4 52 -35 46 71
88 -41 90 50 66
-37 37 22 28 73
12 78 21 -95 21
-56 -67 83 6 43
41 44 -38 -27 -100
-17 23 79 -56 78
-86 -90 52 18 90
31 34 -31 -37 -27
93 14 -86 17 23
-17 -88 -35 -8 -71
28 13 75 -46 74
75 -14 37 47 63
-27 -18 4 97 -82
-72 63 -85 18 -57
-55 85 87 -62 -46
80 44 32 7 15
37 1 23 -85 -34
-68 65 93 58 -68
-38 -62 47 3 -12
71 23 -71 -59 -38
96 98 -12 -4 -58
99 19 51 -18 7
93 -15 44 17 86
-91 83 -79 -45 21
-13 -100 -79 90 56
-77 -31 -26 -14 16
-16 33 -73 -92 -75
52 71 -93 -69 -80
-84 -80 -12 72 74
50 46 -38 -23 -79
-6 -44 -72 -72 10
-87 69 -18 78 57
-95 -59 -12 -1 -47
99 24 -95 -30 -70
40 83 -92 36 -60
-22 65 -68 61 48
-22 -13 64 -96 -84
-38 47 6 -62 74
81 77 -39 14 76
-64 -5 57 -20 -87
13 88 28 -56 0
79 30 -85 39 49
23 -56 -1 33 77
-25 67 -98 -22 -26
97 -49 -27 97 16
98 -96 -74 56 21
-76 -60 59 61 -89
-90 16 29 -31 -3
99 -57 -48 37 -66
27 -21 -12 -22 4
85 30 -42 20 -18
85 13 15 59 58
-79 88 15 -43 44
83 31 -2 -41 -78
-100 47 27 -86 1
-82 57 -7 -56 66
-70 83 -24 -9 -82
-54 -35 -83 -24 -59
60 26 -45 11 43
41 -10 -53 66 27
17 49 -4 -6 88
17 54 -14 26 14
-21 39 82 -94 -5
83 -47 49 12 -26
10 11 -43 -69 -94
0 32 -26 -4 0
24 27 -44 -41 62
71 30 64 -73 43
78 25 -78 43 76
1 13 -64 21 -95
45 -56 -97 -86 -70
81 -99 -80 34 47
45 -56 42 30 -75
56 -64 20 79 22
-34 -98 31 22 42
-80 34 48 36 -12
61 -54 14 21 -77
96 92 -11 50 93
-66 54 0 41 -9
77 54 1 84 87
-56 16 49 -23 86
53 40 20 -40 87
-1 80 -7 62 -97
-95 18 -41 85 -25
44 96 50 97 6
-93 72 14 53 -88
5 27 14 -74 -16
93 24 24 47 -4
-61 -90 -31 63 -81
-1 -73 2 19 62
86 -35 -46 -35 -73
-15 89 -86 18 94
15 -39 31 98 -38
-12 -87 78 7 99
26 11 -61 70 -56
-8 -77 -44 -69 27
39 -81 -2 92 34
-11 -56 31 -45 -9
92 -24 13 -21 -79
68 -61 -5 -93 -32
-20 96 -28 -68 6
73 53 -71 67 -8
-7 -4 69 1 61
93 -83 -86 -88 57
-7 22 89 -76 -98
50 68 7 -22 96
-32 4 67 89 -90
-68 70 -19 -43 -56
-2 21 20 37 -16
-64 41 -86 21 -55
72 -11 72 50 -64
10 -81 -83 98 94
-4 -3 30 35 -26
10 96 91 -60 15
48 -91 -59 13 -47
-21 -59 -94 40 -95
-58 -59 94 60 -56
71 89 -88 79 -22
64 13 -12 -40 -41
-86 -11 46 19 -4
-91 -50 49 -94 -94
-5 -39 -39 -26 52
86 25 57 16 85
9 40 40 -61 -87
-17 88 52 -43 31
1 -48 -98 -18 41
-3 -61 -52 -82 14
21 81 48 47 28
4 70 -56 35 -74
-58 -23 82 74 66
3 -96 8 -43 -18
21 84 96 -65 65
1 94 -18 -82 -87
6 -71 -51 35 -87
45 -72 28 11 -94
-93 91 -51 -63 32
40 16 -65 -20 -82
-47 1 9 -13 -27
-31 77 79 -38 -46
39 -63 61 -89 -13
-78 -17 18 -81 -72
85 -3 16 72 -82
-38 -85 15 -87 -84
45 53 99 89 31
61 -79 43 17 27
56 -72 -87 39 81
7 43 74 -88 62
-36 64 55 -28 -55
-26 -7 82 96 -45
-66 60 8 -63 74
59 -97 -92 -18 80
-31 41 47 -54 57
-86 24 -3 28 4
5 -95 -69 81 44
-80 82 80 -32 -45
46 98 15 12 -18
75 15 -48 -54 13
-45 -69 26 93 57
85 95 -57 3 -8
60 9 28 -96 -5
-98 -73 58 21 56
97 73 -59 -36 47
-52 91 -47 -88 43
-10 -60 -6 -20 86
-58 70 50 -44 -15
88 34 64 -36 0
50 39 -67 -61 -64
-36 -50 89 -41 66
-45 78 -24 60 38
15 36 -32 -66 13
-56 52 -75 -79 -19
78 -18 -96 95 -29
-71 -2 -38 49 61
68 34 -82 -12 -90
-35 8 -49 -89 -66
25 -21 28 68 -78
-75 78 68 35 -41
-96 46 2 -44 32
80 -84 -59 -46 94
-80 54 62 -34 97
-19 -19 76 63 -83
-92 -8 -75 5 -88
-93 -2 -81 14 -69
-48 -54 -30 46 -23
12 12 25 45 21
58 -73 53 -40 23
75 -79 -80 -20 -90
34 97 -18 53 -93
-73 84 -49 51 8
1 41 -75 -33 -76
12 -43 -65 -62 96
-95 -29 -46 -22 -47
-89 8 34 14 -24
42 -88 28 17 8
-53 -78 -62 17 31
39 -38 -25 39 85
84 29 7 6 -9
59 -8 53 -26 -57
-10 33 -82 32 51
11 -98 -43 -39 59
84 14 39 -69 12
41 9 29 33 30
96 -35 -59 4 -74
88 -72 -16 -59 51
-6 -15 -58 13 75
67 61 -52 34 -28
-32 49 -15 -14 24
98 -98 -59 -25 -8
-44 14 -85 -91 -37
22 94 79 -26 74
-95 67 -24 92 42
-83 -45 39 -65 72
86 -10 74 24 92
63 -73 -6 -56 -40
55 7 -56 -67 -70
63 -44 -84 67 -41
41 50 -24 75 46
-65 -71 77 14 33
70 32 -45 -30 50
-83 54 -56 -93 -3
57 -4 4 60 95
-51 -93 -19 -91 -27
34 13 -81 -12 -25
57 -86 39 74 -69
-11 87 -1 87 -80
-73 -100 -33 4 83
53 91 -61 3 8
39 -14 -22 -59 26
-11 -64 14 33 82
-82 59 -2 67 -11
-21 23 98 -2 -17
-100 40 -67 59 -80
-45 90 -17 66 68
-8 85 -57 75 96
61 -38 -53 5 57
-81 83 30 -88 93
-24 22 -23 3 39
-82 16 -60 -44 -83
-7 28 2 -70 50
-82 -93 30 83 76
-97 -68 25 -37 -86
36 45 76 -43 67
-49 -59 92 34 32
28 -5 -45 22 84
89 62 0 49 -80
-73 -64 50 98 41
82 46 89 74 -75
7 2 -58 90 14
20 -70 -76 -53 50
-24 -59 -40 26 -26
58 13 44 8 8
46 -33 -42 54 70
63 4 -5 -31 -63
63 -19 82 -94 92
-62 -49 72 77 -89
-77 62 56 -69 -32
75 -4 -90 18 4
54 -23 -8 80 60
-50 -5 8 -45 -37
68 31 0 -54 -23
-100 -91 -37 11 -10
-81 -78 88 -76 -62
59 -73 -33 -2 97
-9 -66 -49 97 -39
80 23 99 44 -81
-15 -39 71 35 -61
-95 91 41 75 -28
24 -66 27 99 66
13 -58 15 20 7
-86 68 34 -17 -91
-8 -61 67 -4 -90
46 -38 44 -6 13
96 92 72 28 -33
-72 3 -74 -53 -73
-84 89 86 44 -80
-67 -18 34 5 55
77 -7 -86 13 24
80 -79 35 87 -64
97 34 40 26 -6
-1 95 62 -75 -41
-49 99 -25 -9 83
78 -73 62 -40 2
20 -33 -73 -75 -51
-21 13 -62 1 51
24 -80 -61 -18 -23
67 -51 20 27 -75
40 72 -51 -17 14
18 -76 -69 17 -95
91 22 -45 90 23
83 13 -60 -21 -16
-47 -61 82 -84 19
10 96 93 -54 -86
-57 24 77 -81 28
-27 99 19 -90 -51
6 70 4 52 -13
-50 38 -99 53 -97
-51 -8 -92 -47 -45
95 66 -23 68 -58
-74 -90 7 -79 1
63 -47 19 28 48
-75 -66 -60 68 11
6 20 79 23 70
47 -18 29 90 -69
-49 -85 88 43 50
47 7 -41 43 -39
36 5 -29 -28 28
-69 -31 32 -56 95
-79 -94 -44 91 15
14 -63 5 -2 7
-37 15 -1 19 -20
-59 -100 65 37 48
-44 -70 43 -84 15
14 63 67 49 78
91 -21 -49 -37 -71
-30 -96 27 -96 -31
79 -47 53 89 -33
-100 -87 -15 -94 37
-64 -72 96 22 72
-11 77 90 -56 29
-37 88 -53 -67 -8
-62 -92 -45 96 58
30 11 56 18 -44
8 -66 -22 85 29
-47 -40 -33 64 -83
-76 -88 -88 -58 90
46 -60 -9 70 -63
-73 -20 66 33 78
-51 85 32 34 70
35 28 -38 -17 50
-48 -40 32 -89 -53
53 80 -96 6 5
-97 -12 -98 55 21
14 -55 -37 -40 67
0 -98 26 68 80
-27 -35 -85 -23 71
5 96 23 96 39
48 51 22 51 13
54 19 -41 37 -2
-42 -54 90 -91 74
82 -61 60 -82 97
-52 4 -6 94 55
70 -15 95 77 67
-14 -23 12 8 29
-97 81 11 -66 13
-27 -19 -33 65 49
25 -75 3 -37 23
-48 -62 46 86 94
-85 -71 -70 88 -44
-65 -95 9 -42 -76
-94 67 -84 -78 91
-35 78 12 50 -70
84 25 -56 11 85
-100 54 -40 -69 66
68 -97 -9 95 -65
93 98 -6 18 -22
-5 -14 -13 55 -25
-70 -38 -46 72 52
-38 26 -86 -69 -27
59 -4 -6 72 30
65 92 -54 79 -5
-9 20 45 35 -41
-58 -66 13 81 50
47 -29 78 -52 -22
17 72 30 -34 75
63 76 29 -86 -31
-44 -22 -65 -11 -26
-85 -99 -63 76 -79
88 -85 68 -49 38
-25 50 27 2 -76
32 -57 43 -68 -75
-9 90 97 74 -92
-82 31 -61 -44 -59
5 60 -69 -6 -67
-48 27 -15 -71 45
