128 8677
83 30
62 124
65 37
17 43
16 54
58 39
20 17
116 7
10 75
114 24
124 24
75 69
113 105
110 52
89 68
49 58
101 40
5 105
91 71
23 20
39 38
54 120
91 120
76 6
90 44
16 88
86 122
29 9
5 98
90 122
46 13
19 44
112 4
48 26
114 61
91 98
78 89
23 14
112 41
2 86
57 68
91 39
26 83
120 81
128 87
65 29
59 3
109 49
67 2
6 13
123 56
119 112
95 79
47 10
53 46
12 57
45 38
43 59
23 109
73 18
9 49
69 8
30 109
11 12
53 59
96 88
82 73
90 17
128 54
12 98
97 128
29 54
72 61
98 12
2 74
38 33
64 51
59 85
39 119
10 4
18 107
42 86
4 100
70 30
74 101
78 84
97 126
62 84
15 22
119 88
68 81
126 90
55 69
16 98
94 48
91 100
27 114
100 39
84 98
82 113
73 85
45 94
85 104
73 33
126 100
116 31
120 77
17 25
118 113
66 83
122 12
68 122
3 83
34 46
57 127
105 108
126 33
112 70
14 99
111 45
2 123
118 40
113 107
116 63
120 102
101 12
106 98
96 25
115 55
14 18
93 92
74 112
96 12
116 19
22 122
52 13
125 86
49 122
49 63
16 51
43 119
32 56
80 109
28 23
7 105
98 63
31 124
7 102
86 121
45 18
39 26
111 89
70 19
107 100
113 62
32 94
116 28
47 69
128 77
57 80
78 90
112 98
17 73
8 57
62 115
29 82
49 20
76 46
37 116
126 118
31 68
55 46
40 110
96 102
5 6
77 34
77 29
27 112
123 14
6 90
105 37
96 40
87 29
74 44
89 95
87 6
90 14
57 21
18 45
23 16
28 126
67 111
124 105
92 32
85 125
18 60
28 97
33 45
114 79
63 121
21 93
123 44
119 62
95 7
115 59
75 125
54 1
88 30
70 28
63 108
79 41
13 86
15 28
35 59
13 39
81 61
126 29
126 70
127 92
53 127
125 32
8 45
121 63
30 26
12 53
101 20
76 12
46 36
113 110
58 116
102 7
124 37
46 112
11 117
47 82
28 123
86 7
108 96
62 75
122 81
34 88
1 28
98 128
128 38
97 21
81 60
115 52
16 97
52 76
97 31
118 110
73 124
27 62
44 30
19 28
39 55
80 76
93 73
91 72
99 95
117 113
99 58
89 88
49 38
17 75
81 107
121 98
70 8
89 56
14 47
58 13
50 65
82 126
84 40
55 6
8 88
55 8
3 91
118 127
86 45
59 44
66 73
17 69
109 40
21 13
109 35
40 95
125 107
87 126
86 8
38 68
119 27
34 1
86 78
87 28
76 50
29 80
47 103
74 17
114 106
68 119
58 76
6 52
61 51
5 127
104 123
17 110
10 56
40 43
21 9
66 3
49 117
20 60
37 61
101 37
87 96
83 84
118 64
51 20
125 28
114 90
34 90
18 85
112 68
47 117
13 68
45 111
123 61
115 28
70 3
87 67
118 31
32 41
58 88
63 107
26 44
43 9
49 62
119 44
43 85
15 118
32 121
68 124
112 80
127 60
74 53
71 18
124 65
125 27
49 51
113 7
71 111
49 46
84 7
66 13
20 8
20 101
66 107
102 44
45 125
115 15
122 22
19 27
106 100
51 119
26 51
65 28
8 114
118 12
96 89
43 115
84 124
1 32
126 28
39 101
33 19
124 42
53 43
75 78
20 42
125 41
72 127
93 66
56 72
100 11
62 27
27 63
106 84
11 39
112 85
79 111
16 103
61 72
108 60
52 125
35 55
8 71
34 1
39 116
4 8
86 55
105 119
50 53
41 57
89 32
74 34
89 120
18 83
75 70
39 87
69 93
20 54
121 6
37 102
52 17
110 78
27 64
114 92
65 127
56 85
10 84
81 83
116 18
18 49
50 38
127 76
44 11
55 84
102 65
95 32
79 93
77 54
121 122
125 127
80 39
17 90
95 125
5 50
81 100
109 15
35 50
73 3
50 68
90 119
115 103
115 127
73 101
40 92
66 86
24 32
4 121
74 65
95 119
34 49
98 80
113 73
85 97
49 40
125 58
85 76
25 52
84 3
96 128
82 2
14 28
9 60
50 108
88 65
85 94
23 77
45 93
34 68
107 118
44 65
101 112
73 6
28 69
86 88
101 50
25 46
65 81
69 53
20 109
68 8
85 18
100 39
109 121
92 17
80 83
55 121
11 36
29 16
91 28
19 81
125 43
16 65
79 55
35 39
115 61
112 17
8 55
60 69
51 19
106 101
1 28
1 93
99 24
45 120
73 1
88 37
34 28
63 69
65 86
44 17
111 30
48 126
44 53
7 16
98 33
17 27
18 59
113 96
55 17
72 115
111 123
39 114
34 60
35 100
50 121
32 90
122 89
77 19
18 56
96 85
51 26
6 49
40 94
30 88
35 89
48 86
102 91
54 52
30 71
43 112
84 47
113 73
91 57
5 59
31 49
23 70
48 125
115 72
126 116
85 128
24 61
28 29
95 50
110 81
12 122
60 92
106 75
70 10
44 14
9 1
77 83
48 120
57 73
117 38
98 52
22 119
90 16
56 102
29 86
109 15
54 24
45 64
76 100
121 46
94 44
125 22
40 24
97 101
4 3
32 54
54 22
22 62
3 38
35 117
119 97
3 26
58 104
74 88
103 86
24 41
49 106
123 80
83 58
23 106
22 52
120 5
113 88
61 59
127 91
111 48
88 50
56 1
9 53
84 3
60 64
102 84
62 36
15 39
2 58
112 72
76 104
121 70
28 122
40 59
15 10
36 34
63 107
67 56
106 77
127 70
94 5
91 108
111 57
60 56
126 92
65 37
86 49
15 77
87 67
40 106
72 22
61 123
64 113
20 22
118 3
114 72
118 75
31 15
2 14
116 69
38 41
17 11
55 34
30 21
83 58
65 91
19 101
40 12
3 112
74 86
27 45
74 86
64 127
18 68
11 9
35 49
106 109
28 102
72 84
123 60
87 46
43 5
43 96
73 78
65 85
61 24
27 39
22 95
12 79
71 114
112 23
37 6
79 55
80 8
52 101
112 4
60 47
84 66
35 116
119 90
76 81
117 95
11 78
91 119
62 47
3 102
108 39
74 113
111 92
83 38
123 116
59 83
114 19
91 81
95 20
125 112
5 93
47 19
85 6
17 86
80 85
66 79
14 44
88 67
119 116
122 91
112 38
14 50
122 114
21 83
24 54
26 115
100 49
94 128
55 53
35 89
77 61
50 68
57 32
8 113
41 92
82 35
60 37
16 80
108 43
11 80
90 82
128 105
117 76
39 83
67 70
115 126
85 38
53 59
35 124
7 19
89 51
26 95
89 28
90 126
112 93
121 49
6 102
87 126
87 111
99 34
95 40
83 106
29 19
98 18
87 65
117 102
113 93
70 85
25 60
122 50
69 110
80 69
82 117
59 1
61 34
33 98
68 76
12 101
109 75
4 8
52 114
105 76
111 3
125 47
31 59
115 6
63 8
52 63
69 3
57 99
110 46
33 113
128 43
90 91
33 90
24 67
108 24
107 73
98 16
27 122
98 80
58 57
66 23
125 53
61 27
86 61
69 34
89 13
117 62
108 91
42 14
82 74
8 61
120 7
114 54
48 39
47 56
57 44
73 77
57 33
106 74
7 73
51 78
114 89
89 4
104 25
11 123
25 11
96 114
1 81
86 104
126 12
36 52
79 100
99 31
40 97
82 33
57 102
58 75
75 93
53 127
101 110
94 120
5 84
37 74
106 25
93 94
125 98
55 9
77 13
50 70
63 57
76 55
73 23
113 114
116 4
104 55
110 86
78 31
103 92
88 92
15 116
104 21
90 71
46 127
122 115
107 63
37 78
6 37
12 2
4 96
51 30
35 55
5 111
28 81
65 57
81 69
58 27
107 76
114 59
38 99
16 9
90 75
56 43
1 9
72 116
50 121
3 94
107 12
28 127
28 49
73 105
59 36
45 107
113 8
91 37
14 6
60 100
93 111
7 63
17 4
56 90
79 98
15 92
27 73
29 108
54 37
106 77
19 29
30 100
22 16
91 78
41 60
32 63
101 117
89 91
95 60
11 72
64 6
58 19
97 5
99 68
102 88
65 39
46 87
53 44
11 114
111 98
17 93
83 119
122 106
36 54
104 91
101 116
3 18
25 98
62 91
62 53
61 59
35 34
50 126
15 11
23 126
69 117
48 71
95 14
53 31
22 107
125 14
92 57
38 121
119 13
7 106
114 20
96 127
21 73
24 65
61 111
18 70
65 122
71 91
66 43
69 40
15 120
66 7
123 23
76 113
79 59
104 83
56 89
6 28
82 12
50 85
69 103
105 36
122 75
105 124
109 22
108 96
35 63
48 123
66 48
46 116
85 119
93 62
58 31
123 78
72 65
32 113
31 42
31 52
61 39
125 20
71 63
128 100
28 7
20 37
35 75
21 65
109 50
56 86
26 38
33 19
27 31
90 80
57 16
71 86
9 45
65 15
42 55
108 19
117 122
15 66
5 83
97 89
49 62
31 72
107 83
106 47
31 66
43 51
115 22
12 45
16 101
66 93
99 51
45 21
96 39
21 19
68 87
6 2
110 82
13 72
54 46
96 41
97 44
49 92
34 93
43 35
60 54
102 116
54 14
87 81
64 127
112 95
46 10
11 71
38 11
78 13
118 97
31 75
30 65
96 21
16 41
117 99
38 110
101 77
87 70
15 118
47 90
60 111
7 66
10 118
15 104
4 80
27 61
87 37
74 73
126 39
122 100
78 94
32 64
73 99
113 124
16 115
121 114
106 16
5 123
53 34
18 75
37 81
10 55
77 11
10 112
37 99
16 27
50 71
44 63
114 55
35 118
40 127
29 101
63 20
77 31
77 125
124 82
26 101
87 19
57 71
69 29
119 126
44 23
2 102
21 79
125 31
57 18
82 53
19 15
41 9
17 41
37 26
23 4
100 25
101 67
32 44
73 99
94 10
13 19
57 50
6 4
58 106
127 74
19 33
84 19
54 61
99 94
19 116
67 116
115 59
82 59
77 108
19 66
126 32
109 5
58 110
56 88
52 7
66 109
64 97
31 108
115 94
126 16
11 46
79 56
25 93
118 108
56 61
86 56
85 29
118 100
72 19
1 111
71 48
105 77
111 115
111 71
115 82
78 22
40 27
102 121
125 39
122 119
30 2
63 10
46 56
102 53
36 109
123 124
9 61
50 121
92 66
118 43
86 17
34 2
92 2
63 96
18 34
13 17
46 50
82 110
109 110
85 117
17 10
47 112
73 39
76 120
107 30
74 111
88 108
19 68
7 31
86 15
124 10
72 98
40 38
81 88
7 90
128 68
106 27
114 5
67 33
20 94
111 24
85 101
67 9
62 81
97 112
5 81
21 41
8 38
70 58
79 44
54 25
2 23
28 114
101 120
89 26
84 108
74 36
84 117
2 76
27 99
99 44
73 86
110 115
17 46
53 6
35 3
76 81
13 119
41 43
92 108
68 10
77 3
117 127
56 106
81 27
22 85
25 80
77 50
104 96
30 110
54 103
89 90
114 42
71 19
40 33
95 103
19 106
48 43
122 37
39 115
68 97
15 39
36 25
119 95
59 106
90 128
31 123
47 19
34 81
75 60
68 119
44 84
36 55
38 14
121 89
122 37
63 12
89 125
55 12
91 56
112 18
103 32
89 40
27 115
46 118
38 104
57 16
51 1
46 116
72 123
37 33
64 117
124 16
61 30
28 111
69 125
104 92
90 47
97 22
67 35
57 78
90 50
91 23
24 32
56 37
38 102
69 71
57 65
10 98
45 77
51 84
84 79
60 51
73 48
2 49
58 17
94 86
17 120
51 73
32 84
68 101
53 90
91 70
73 126
55 24
93 118
87 69
60 118
11 84
53 40
105 15
27 56
83 101
18 116
22 16
23 51
100 43
79 41
112 98
33 52
46 124
25 59
122 98
54 95
95 112
58 17
35 82
111 92
49 83
117 2
32 105
11 48
85 81
116 113
9 17
76 36
57 56
18 8
61 38
35 69
21 66
111 114
30 84
45 110
76 123
80 51
22 118
128 93
31 38
90 9
113 17
70 98
42 67
17 95
8 90
44 27
55 26
48 78
55 76
27 58
92 90
76 47
36 79
72 98
111 72
71 65
90 109
14 16
67 126
25 90
50 25
28 26
59 55
96 38
9 8
114 51
42 49
70 128
76 20
41 9
2 25
54 76
74 52
24 113
86 11
96 116
101 3
54 30
42 30
16 98
5 87
96 110
21 5
77 20
98 100
97 67
44 63
82 66
26 120
76 109
76 81
81 15
32 60
46 42
34 22
9 73
110 14
9 38
14 33
39 62
15 103
28 33
86 37
126 30
121 80
6 16
34 124
11 110
55 107
45 96
83 45
70 9
91 6
128 56
29 15
76 51
80 69
126 90
80 63
104 87
22 10
104 123
95 57
79 60
81 11
4 50
118 51
58 28
82 39
91 35
105 16
117 45
31 74
37 44
16 104
61 44
64 47
66 1
84 126
99 95
42 23
12 57
126 62
72 48
123 23
119 113
93 81
37 80
9 111
125 118
61 66
34 112
61 118
105 5
37 45
67 7
61 22
91 27
116 2
27 38
110 84
50 82
63 90
86 99
60 108
58 79
7 88
21 75
55 124
39 66
65 25
17 108
4 59
112 116
36 61
25 104
17 74
100 99
85 113
86 33
42 8
37 119
85 24
102 104
81 128
95 56
73 124
68 73
107 97
97 35
14 16
127 99
61 13
119 6
29 63
58 47
30 111
64 87
61 116
28 102
4 41
21 114
38 95
83 4
88 78
102 128
93 6
65 81
105 96
72 85
27 21
72 110
26 126
22 76
18 35
34 55
31 29
47 124
87 113
18 68
17 91
18 120
22 70
95 113
75 89
57 35
29 84
34 121
30 45
87 17
53 43
94 30
75 95
86 124
73 71
112 103
95 120
46 68
98 29
77 107
70 32
10 128
105 75
12 38
70 76
58 40
69 72
64 107
58 126
123 61
68 43
43 86
37 21
10 21
77 7
53 96
17 36
6 40
112 73
60 114
65 107
40 114
58 54
45 17
47 78
71 107
96 111
116 30
94 101
41 2
54 4
53 23
125 28
46 55
118 31
94 122
83 98
63 56
93 59
124 42
2 100
18 21
15 101
23 97
68 4
82 25
95 121
107 128
56 50
21 35
16 1
83 74
79 37
76 27
122 113
32 30
108 49
18 101
53 30
113 68
68 120
40 78
57 20
82 14
11 125
58 47
103 110
45 2
96 72
120 33
102 69
10 25
23 22
128 75
85 37
34 16
75 31
20 49
61 26
59 71
68 99
36 31
103 77
94 43
42 20
39 29
117 43
83 56
10 2
68 119
78 31
114 8
43 30
69 83
89 97
70 112
51 20
105 87
14 76
124 44
26 98
116 97
79 74
111 19
28 76
21 79
63 53
108 1
64 71
111 100
36 17
94 32
114 59
73 62
45 47
83 108
76 67
15 111
56 71
37 80
28 49
21 25
122 98
74 50
93 38
85 63
28 121
124 128
123 53
124 26
44 34
41 82
112 31
70 9
97 80
62 33
43 20
41 6
41 32
52 5
70 13
85 53
7 56
122 12
21 51
126 123
73 56
39 23
119 82
119 44
3 51
1 81
2 98
35 67
101 67
77 47
125 29
46 43
85 36
120 4
37 39
25 32
10 35
74 64
27 17
22 38
104 17
49 16
72 32
90 99
109 72
84 123
17 44
7 86
76 9
100 5
14 107
124 102
67 65
39 79
30 18
34 117
27 22
81 19
75 92
32 78
115 78
36 102
52 42
125 35
94 73
14 100
22 56
120 32
31 106
96 48
82 111
18 119
118 110
106 53
13 78
38 35
87 68
1 42
7 67
73 60
117 111
65 53
82 28
2 84
26 127
52 16
81 7
78 114
77 26
54 66
8 30
113 13
78 13
54 111
60 4
31 33
93 121
67 46
100 26
112 85
80 2
99 119
106 53
32 39
127 28
73 27
59 115
41 51
126 95
70 77
39 24
37 6
30 108
33 65
20 122
2 125
78 104
42 84
121 3
7 58
63 124
43 69
54 59
42 37
93 113
39 4
46 108
50 1
22 84
95 6
60 76
46 12
120 45
55 53
111 64
54 51
20 70
91 106
31 36
3 83
55 128
65 116
76 48
84 12
118 60
116 54
76 98
29 38
3 79
47 79
79 128
19 128
87 9
73 86
47 35
121 19
44 77
117 37
14 90
74 6
65 55
76 50
71 81
46 82
120 80
41 121
51 26
56 112
57 89
89 122
52 113
1 29
48 29
18 63
22 34
10 49
82 90
68 123
69 117
113 123
53 56
51 47
70 41
117 55
60 78
102 107
13 9
73 17
11 56
96 18
28 7
60 52
84 63
49 57
112 106
45 113
109 17
76 18
73 12
75 111
54 3
60 97
50 44
47 110
89 107
25 13
105 74
61 24
73 5
88 55
9 19
90 103
36 106
104 100
16 103
113 20
83 24
28 58
43 94
70 26
8 6
106 73
91 110
28 77
5 75
118 100
98 23
38 117
53 85
111 15
3 32
82 5
17 49
60 119
22 102
88 96
94 95
118 125
102 62
31 36
50 56
58 82
98 95
116 21
77 106
62 29
30 98
13 8
67 118
68 60
35 82
94 107
113 77
83 10
14 71
61 85
75 118
69 57
5 26
87 40
110 66
35 64
114 30
115 69
15 17
80 83
24 113
9 78
10 111
111 90
37 121
34 51
48 115
91 58
26 112
111 124
99 74
36 5
12 72
113 51
116 40
78 87
60 126
84 99
26 84
55 12
53 15
91 31
5 127
5 116
59 22
120 59
55 51
107 16
17 2
56 15
50 76
51 92
15 85
120 79
116 1
40 54
3 121
111 113
67 128
61 68
107 36
8 38
74 24
19 121
114 70
5 93
5 117
72 30
77 15
128 91
128 102
24 118
88 127
44 99
94 62
76 103
15 11
111 104
60 57
125 63
81 79
81 89
90 122
34 123
117 78
41 117
22 19
114 44
47 73
60 34
19 96
65 29
86 46
34 121
30 38
4 55
101 66
17 89
107 24
60 24
3 13
5 64
51 125
57 103
115 30
57 61
5 116
78 17
51 44
3 96
125 53
23 127
96 92
127 52
95 94
9 86
112 23
14 69
111 84
91 75
60 111
35 64
40 46
57 4
87 24
91 27
55 54
70 12
54 111
110 78
80 120
119 85
42 12
105 33
75 92
45 75
41 110
62 3
24 91
54 116
98 45
26 120
124 58
6 38
45 70
26 16
35 86
85 71
60 105
63 117
2 8
124 34
41 104
64 1
5 15
47 69
74 42
37 108
16 19
125 122
95 48
53 9
82 45
40 66
5 46
45 7
98 12
73 110
1 48
85 88
49 31
66 63
90 81
84 16
76 88
4 23
60 3
99 103
106 116
39 62
58 97
71 66
77 97
71 50
75 27
27 75
116 38
63 13
46 105
114 30
28 101
44 115
7 20
62 1
11 105
61 25
98 9
17 51
57 69
96 84
116 2
38 66
58 1
46 61
56 61
63 118
128 88
53 101
85 64
83 80
109 11
10 20
88 51
7 13
50 57
48 30
59 67
125 71
1 82
71 69
63 27
113 30
12 21
23 43
19 103
34 111
86 30
98 85
78 113
21 36
84 1
7 63
55 65
26 9
93 1
119 122
92 85
45 60
105 68
124 100
126 108
34 33
38 42
76 102
70 86
31 115
83 40
106 73
78 95
109 92
117 54
97 25
125 68
17 28
84 78
68 21
42 55
58 74
77 124
3 51
24 124
122 24
117 122
18 51
64 9
89 53
4 96
89 65
100 64
45 46
27 100
127 38
125 52
71 114
81 36
119 14
112 127
112 85
20 8
106 87
27 44
53 48
90 50
106 117
38 41
5 7
36 120
117 100
49 81
28 72
74 117
76 45
79 127
63 16
29 40
21 116
69 57
75 12
90 34
81 29
45 98
16 94
103 66
33 128
87 3
124 27
102 9
89 41
7 34
25 82
21 115
101 43
119 39
92 44
123 105
127 3
55 81
59 15
113 61
48 13
81 66
33 96
103 59
42 126
64 16
37 74
16 69
100 3
61 110
25 22
73 5
26 89
86 97
102 26
96 39
6 3
84 9
56 50
33 43
125 16
124 73
57 65
79 103
121 12
42 117
98 58
124 48
112 128
101 35
106 5
57 64
109 88
98 76
127 62
72 35
122 3
44 69
78 75
21 38
95 4
42 25
123 13
49 128
62 34
127 113
88 29
20 4
122 50
52 15
124 27
49 96
56 89
35 12
91 112
119 90
41 117
90 72
124 37
78 60
4 122
20 115
46 31
55 128
43 47
19 85
75 111
21 65
28 113
123 94
32 25
40 30
90 121
82 95
3 74
108 51
97 108
109 22
15 43
104 72
49 42
127 115
92 65
45 97
52 44
127 105
8 78
31 81
107 115
93 79
17 73
18 106
113 6
5 89
120 101
56 53
71 1
56 16
65 39
95 62
122 50
41 111
54 11
121 108
17 76
121 127
2 62
124 111
77 30
119 12
24 98
13 55
58 106
53 101
110 100
125 1
15 60
110 52
2 101
21 113
98 93
58 89
53 46
54 60
33 81
17 99
115 56
62 98
107 99
34 16
43 65
75 121
43 71
118 93
24 118
71 9
9 70
99 45
90 36
64 115
46 125
86 120
93 3
25 112
81 44
95 18
19 12
6 24
23 20
29 117
122 92
85 125
71 104
112 46
121 47
14 87
73 69
123 71
4 100
96 62
115 72
126 79
22 20
90 115
49 41
116 106
124 56
121 61
110 105
12 115
106 97
8 80
88 16
109 48
100 125
71 77
113 128
72 19
121 46
105 69
109 78
63 15
72 48
101 91
102 51
26 120
92 81
11 106
89 11
73 119
82 118
119 65
121 97
56 10
82 51
74 107
79 17
120 27
89 110
57 15
41 117
48 29
80 26
101 85
92 35
97 69
115 124
13 99
83 57
125 69
14 127
7 104
115 67
74 38
1 31
14 52
72 33
22 37
27 90
92 101
5 12
61 38
67 61
27 33
87 30
124 59
108 116
30 96
7 121
23 49
100 117
110 71
101 109
75 54
105 53
39 17
12 61
23 11
16 109
37 11
115 104
75 68
128 117
128 31
77 12
113 29
124 38
88 109
56 84
128 94
54 80
114 118
62 113
93 72
125 69
36 86
40 50
55 29
50 109
20 18
27 26
36 49
20 107
64 108
11 18
26 10
84 86
93 83
123 40
50 21
1 127
6 91
11 93
62 105
62 70
52 74
92 3
41 23
78 2
12 46
63 43
51 14
105 118
125 12
55 37
109 15
102 91
43 24
69 13
20 44
52 114
45 127
13 109
51 93
31 44
23 68
71 100
24 35
112 99
89 42
122 110
23 55
77 29
105 44
19 43
33 80
118 101
67 9
66 64
38 119
79 48
49 96
41 72
76 98
53 83
109 88
98 79
38 13
8 92
72 97
128 35
62 25
42 102
32 43
26 58
124 87
29 88
2 37
3 76
90 1
42 102
29 87
107 3
57 118
70 19
72 33
2 86
22 9
13 58
98 29
92 96
21 110
17 40
128 14
39 69
86 44
115 72
113 90
44 29
33 40
83 92
13 31
40 125
96 55
10 72
86 77
108 9
96 71
57 110
102 87
86 18
113 22
33 21
53 110
16 77
77 118
85 104
35 82
43 20
77 39
52 124
94 52
127 55
117 57
51 110
13 28
75 6
127 11
86 110
37 9
127 57
101 13
45 120
119 118
103 98
15 99
112 14
126 79
65 28
19 14
95 58
77 63
83 71
78 8
85 122
44 41
78 76
15 67
95 15
43 102
8 116
22 48
24 93
4 29
6 78
96 89
91 84
85 34
82 38
65 17
69 117
30 104
37 14
85 39
2 93
26 9
98 110
114 101
99 79
87 49
20 127
21 79
101 95
95 120
1 77
78 6
35 105
67 99
43 123
117 105
76 103
118 101
85 115
50 49
31 118
30 42
31 81
52 87
32 51
105 18
41 9
46 24
28 46
58 51
123 34
39 128
125 112
31 113
68 2
30 13
113 11
23 36
100 72
116 89
91 60
50 80
74 52
52 90
26 32
114 106
35 39
32 50
28 116
6 47
80 38
15 11
68 103
84 11
57 125
35 7
31 127
80 15
104 98
69 64
99 13
36 118
113 53
119 82
76 40
44 64
54 69
117 127
59 72
56 82
107 48
37 88
41 99
43 51
122 76
88 128
115 35
97 77
45 30
90 122
102 38
101 72
40 104
81 2
40 80
125 110
55 68
114 5
109 51
3 34
110 76
123 23
10 101
15 86
10 4
116 107
88 112
76 62
58 115
21 8
48 89
81 64
19 13
14 30
105 70
34 100
77 66
84 4
86 58
67 119
93 18
54 89
1 101
61 24
90 113
62 87
49 16
96 78
42 50
102 56
66 16
106 54
3 5
30 35
80 76
108 62
60 8
32 53
48 88
8 108
112 99
20 14
52 22
127 61
105 122
4 120
72 112
16 11
101 40
33 22
88 30
29 11
37 13
90 40
9 124
47 85
77 113
59 94
68 111
61 1
23 47
40 58
10 94
78 79
79 52
91 1
31 57
97 99
39 14
62 65
4 11
40 15
88 9
12 95
60 37
30 47
15 96
72 61
104 85
86 17
49 123
126 109
45 39
51 111
106 59
92 111
108 65
95 126
11 91
19 9
78 71
23 4
66 94
13 37
26 83
74 5
17 14
114 70
92 120
5 124
37 8
121 10
97 95
47 39
117 93
18 60
126 101
20 94
50 64
86 120
39 90
67 4
5 69
80 92
91 65
61 124
39 45
10 73
87 41
108 51
56 72
123 59
37 22
116 64
118 96
52 35
111 114
78 10
103 100
44 24
51 2
80 39
61 75
21 105
92 113
9 25
120 42
111 115
10 81
58 92
107 117
35 37
105 53
115 80
58 118
40 26
52 72
22 54
112 17
56 107
56 83
52 17
102 22
94 25
30 91
61 22
118 33
73 2
9 75
1 37
127 15
120 101
1 43
3 93
55 1
48 127
46 110
23 54
85 108
71 43
106 79
82 53
3 62
59 27
23 50
77 35
32 15
27 31
79 43
51 101
89 99
63 123
97 125
35 81
10 127
81 78
29 61
97 34
114 72
38 7
109 120
83 117
61 58
100 109
71 110
87 90
83 101
126 54
103 93
96 110
124 5
123 43
90 94
100 11
90 31
12 97
93 75
36 10
40 57
122 125
7 60
54 13
83 25
89 14
74 17
103 95
89 24
20 113
57 13
108 99
3 5
67 71
42 128
101 21
103 24
87 125
31 2
40 16
61 116
15 99
7 61
102 57
1 55
65 81
68 72
27 97
108 35
117 92
12 15
76 12
54 72
75 34
21 82
26 62
41 79
52 26
17 45
33 85
9 69
124 128
122 50
41 125
70 3
31 71
47 19
40 44
1 29
119 35
97 96
15 49
98 104
48 28
77 78
109 80
57 7
16 57
78 18
97 119
118 21
20 50
51 77
87 116
108 80
84 59
112 5
26 74
103 96
63 85
23 49
53 13
13 41
31 57
40 83
35 80
22 44
121 77
45 32
79 38
78 124
43 42
35 62
102 45
109 61
112 53
59 14
118 46
55 56
30 65
99 4
96 79
115 1
71 72
36 20
23 74
49 35
28 53
81 44
47 66
91 103
39 50
124 61
68 31
26 39
86 23
77 87
34 125
16 45
78 93
21 85
76 42
84 40
25 34
64 19
72 53
76 45
29 68
16 60
68 12
80 77
98 6
41 37
3 42
33 49
45 68
111 52
29 87
40 84
105 61
47 93
21 119
15 64
92 104
33 47
49 101
37 99
52 90
47 103
50 102
16 112
92 60
22 35
81 35
85 84
39 86
79 23
15 60
41 53
69 30
77 89
89 97
25 8
17 101
10 61
115 9
123 50
36 9
99 59
61 37
53 56
68 113
68 123
81 6
12 107
30 121
97 64
17 125
88 105
28 44
51 33
35 113
33 56
80 57
87 116
123 85
40 65
85 113
115 16
55 89
50 35
118 105
101 111
34 123
45 82
26 45
62 78
74 63
17 122
9 126
125 96
106 109
8 127
120 30
45 20
35 114
106 3
109 51
67 96
4 62
16 4
108 47
84 43
96 64
103 5
125 86
30 58
123 107
100 72
117 71
84 56
1 73
62 26
31 28
73 66
75 39
123 44
36 24
101 16
125 73
74 127
83 106
100 34
107 48
50 93
43 115
110 5
82 113
15 99
64 45
126 40
97 27
94 31
107 19
17 57
17 47
86 55
72 35
45 27
78 37
91 35
9 111
57 105
112 4
52 125
21 51
25 7
3 4
28 83
123 12
45 68
92 78
28 26
44 50
13 15
10 54
59 35
22 74
34 53
6 29
117 39
122 63
8 58
64 81
11 99
35 54
68 54
117 3
32 62
101 10
74 73
91 82
36 10
107 89
78 31
20 95
17 74
92 39
106 128
126 113
119 13
71 8
19 117
69 49
104 97
94 122
78 109
92 41
20 63
110 108
59 110
61 4
20 122
119 92
32 53
95 60
11 78
10 64
53 74
69 51
121 56
70 126
26 116
53 56
128 20
59 111
24 66
52 51
15 48
53 10
55 98
117 79
82 111
86 26
18 14
25 62
123 121
123 1
12 5
65 4
80 126
119 19
66 23
107 84
23 12
27 122
100 62
41 4
66 108
14 45
69 73
26 7
125 26
119 118
82 24
65 124
122 67
114 10
72 99
33 78
28 91
93 45
66 25
46 98
103 60
22 69
17 84
72 92
25 97
3 15
52 73
36 13
80 8
43 65
39 73
68 81
4 41
96 101
75 49
5 59
128 79
65 108
88 49
91 99
20 72
39 110
43 87
42 105
9 69
97 110
100 51
103 4
108 120
65 57
92 2
15 40
41 78
117 79
97 108
104 56
110 57
59 94
74 86
27 72
103 127
85 75
82 60
17 110
71 38
92 80
80 36
47 39
30 106
88 33
48 25
87 71
3 65
48 44
75 58
58 128
12 117
100 96
128 90
3 110
25 70
28 9
42 47
68 62
104 36
128 58
93 14
65 97
128 118
107 73
123 59
1 74
107 109
97 85
15 70
49 70
59 109
96 103
1 126
95 90
101 4
123 23
21 104
118 57
106 111
69 74
60 85
25 67
75 47
17 122
55 125
68 28
90 54
123 17
1 45
68 73
72 20
71 87
23 5
119 104
22 70
11 104
3 74
98 110
73 9
47 62
25 123
118 61
53 82
105 31
111 64
21 99
89 62
56 8
123 107
47 29
90 28
113 46
84 73
104 58
11 22
64 82
100 36
71 24
13 123
11 85
39 3
26 53
97 89
109 34
53 23
84 17
92 20
12 79
49 70
95 38
9 69
125 114
78 18
98 119
83 42
123 4
43 11
101 70
13 34
108 81
122 91
53 67
61 62
47 124
117 88
41 96
63 92
73 19
40 38
55 91
85 45
36 22
10 33
76 83
73 33
36 21
62 93
64 106
9 73
15 92
81 106
73 44
81 78
89 42
49 126
72 128
98 18
102 66
76 28
68 32
11 31
47 116
1 76
63 45
127 41
61 49
85 107
85 74
117 34
113 51
7 1
41 78
30 91
28 50
102 45
44 126
110 58
105 45
2 34
41 94
39 118
19 62
39 43
37 16
73 113
111 1
41 79
18 65
61 20
68 13
1 113
81 41
94 71
117 119
58 18
125 26
78 111
121 106
44 26
15 25
23 2
31 77
10 48
79 22
35 44
47 125
63 39
19 34
128 127
75 13
23 119
81 64
114 51
42 34
63 73
125 73
90 127
36 86
18 15
61 79
106 119
3 49
102 41
41 125
52 48
121 77
78 118
71 73
55 87
46 109
111 66
68 119
113 92
28 124
81 52
96 43
58 92
101 30
82 72
100 67
79 34
53 52
51 35
54 26
4 125
59 97
117 112
56 92
79 37
118 40
18 76
5 100
34 52
82 19
117 72
112 52
15 45
21 114
79 115
88 116
71 13
28 35
55 127
80 4
91 123
99 106
27 104
17 34
92 116
105 98
125 57
63 26
60 26
86 112
8 87
126 7
13 5
122 84
111 96
87 42
7 44
27 63
27 25
107 72
94 91
15 127
48 111
119 32
111 58
40 59
88 2
44 105
54 99
117 59
107 72
79 108
22 9
73 68
86 53
50 29
114 43
27 2
101 128
115 86
24 97
49 3
76 109
24 21
117 46
29 65
13 48
108 77
33 103
11 60
35 86
55 78
54 43
89 38
9 71
67 51
121 102
9 29
5 84
47 102
83 110
122 116
75 86
22 50
22 34
117 14
110 91
127 104
28 37
10 76
29 100
39 12
42 37
62 3
57 56
16 30
42 47
4 6
49 59
106 103
53 21
13 70
52 101
69 96
98 120
52 58
23 32
20 126
81 80
48 91
14 100
43 2
43 77
91 36
56 26
18 35
79 18
11 92
118 13
55 72
8 82
118 112
61 15
119 83
54 71
72 71
49 63
90 123
79 68
125 26
6 94
23 50
42 69
25 104
51 43
116 26
24 36
33 114
120 92
102 14
87 76
114 71
53 31
13 53
72 7
93 106
11 39
1 43
1 86
25 121
81 88
98 58
36 97
4 109
90 113
70 25
17 104
52 109
9 83
114 74
95 89
84 38
52 82
96 124
42 96
90 64
91 25
22 5
46 26
3 86
42 26
84 100
53 72
38 11
81 18
8 92
82 31
82 34
34 28
24 22
113 34
65 51
14 84
122 94
47 8
24 100
99 6
30 99
7 60
119 58
99 117
34 15
84 101
88 120
99 112
21 126
68 13
91 86
77 45
18 8
78 17
50 75
6 13
66 58
102 86
76 121
105 12
10 86
125 5
81 125
78 2
73 124
110 75
104 77
31 92
57 24
69 29
123 98
67 95
17 91
75 128
76 127
88 128
13 70
107 105
88 4
57 75
52 71
95 49
15 76
87 89
118 93
49 12
84 37
97 87
22 91
13 27
85 78
63 27
110 43
97 11
46 12
89 76
113 45
74 68
93 76
46 23
18 31
92 35
7 86
61 122
103 27
43 80
15 14
66 18
44 29
48 19
118 72
55 10
15 33
119 78
19 40
50 13
72 74
33 111
20 26
12 78
11 33
53 10
87 77
88 30
63 92
63 111
11 77
47 16
17 58
64 93
39 31
69 54
74 109
113 63
44 120
83 97
128 21
81 123
58 125
78 123
17 73
8 79
120 23
115 107
110 52
21 68
67 85
29 16
59 61
79 37
54 93
109 65
55 68
56 22
125 114
67 105
127 105
26 42
126 3
7 45
17 108
121 25
67 80
68 29
50 17
85 122
76 25
9 2
22 30
55 19
24 102
42 47
91 104
22 55
17 85
68 107
89 102
4 53
59 124
22 101
61 101
46 87
62 98
42 59
116 58
48 110
54 119
77 20
108 18
52 116
90 50
87 63
25 74
96 56
111 42
71 114
26 28
13 78
39 9
32 80
24 104
54 38
69 100
107 90
61 34
53 37
65 71
25 97
77 2
88 11
92 82
127 50
111 109
113 91
42 12
90 60
120 5
44 88
4 114
7 85
15 71
52 28
85 36
18 26
31 59
37 56
46 25
19 87
20 48
83 105
50 101
87 128
109 13
95 87
77 16
97 62
29 44
25 106
62 124
53 10
60 77
54 44
108 93
114 83
5 17
83 61
18 62
41 12
76 80
56 24
17 114
110 93
95 69
119 121
36 101
32 101
34 71
23 57
108 88
83 127
66 126
113 66
51 70
113 82
33 85
48 103
30 116
27 44
50 72
82 72
119 8
91 118
49 75
4 75
69 56
35 45
40 58
74 33
64 126
30 115
66 90
118 93
9 104
83 46
114 112
116 27
55 114
14 54
98 96
95 54
53 107
43 18
63 96
107 14
108 121
30 72
71 58
29 95
66 26
87 61
51 33
85 40
101 68
115 31
102 18
36 33
105 15
58 105
117 69
119 65
49 109
114 109
123 50
13 86
48 119
127 116
62 33
66 40
116 71
83 111
34 80
37 54
128 97
46 50
109 34
101 118
123 49
47 65
94 99
1 45
45 16
53 55
17 26
91 89
74 100
15 41
48 109
9 36
14 71
124 47
125 18
127 108
43 67
126 106
35 82
10 86
7 29
118 41
90 26
22 125
66 44
25 19
94 33
72 30
27 73
45 104
49 23
101 102
23 69
29 79
50 105
11 70
127 118
86 51
127 21
60 89
44 80
121 54
44 7
49 90
36 17
93 39
70 21
9 46
8 122
93 28
38 118
61 117
76 25
122 4
24 95
104 55
74 40
74 97
81 31
102 19
24 112
60 125
47 83
50 13
58 75
35 65
78 42
42 96
25 42
29 12
115 53
13 100
84 47
60 38
55 76
91 8
92 91
14 61
18 127
123 85
94 71
105 115
47 26
50 7
2 108
12 128
14 52
110 51
116 3
17 91
122 85
92 123
71 104
44 124
75 41
83 88
26 28
60 42
128 63
10 111
26 75
43 90
32 94
36 120
75 103
33 27
108 102
5 50
38 84
2 23
103 70
124 110
7 33
60 34
45 120
57 33
103 84
112 86
16 26
29 14
105 67
88 67
18 15
73 122
56 127
16 45
42 45
12 115
49 79
33 91
84 5
28 42
99 58
100 118
123 51
25 82
88 33
52 118
39 66
109 31
50 108
106 32
9 27
112 71
27 65
49 25
74 12
97 25
124 81
39 127
49 87
45 38
17 49
73 25
24 87
12 118
59 68
57 25
102 77
55 58
76 101
12 4
21 20
105 122
55 24
65 112
3 68
62 88
6 9
18 84
112 82
57 2
124 114
128 108
113 30
98 10
115 16
118 4
2 34
115 52
70 108
19 24
19 82
78 32
70 120
66 20
97 7
59 10
1 72
37 18
36 117
120 25
82 77
73 52
15 59
29 63
74 46
50 14
22 118
73 35
99 40
50 21
17 118
34 36
4 127
17 44
34 110
40 102
85 1
7 55
121 69
87 111
100 29
5 66
88 111
18 88
26 127
74 58
121 87
103 9
1 70
81 47
48 88
32 9
84 70
2 47
114 75
34 94
103 91
67 42
25 32
32 120
92 74
74 105
4 6
22 49
38 52
73 19
7 41
31 94
91 26
99 71
32 123
21 105
94 110
122 64
9 15
126 2
80 54
67 12
20 3
79 94
85 63
47 82
84 121
125 6
41 93
37 42
30 38
90 49
3 65
10 1
82 104
76 56
77 89
26 19
123 113
71 18
37 69
14 110
56 6
33 100
49 85
24 10
121 66
48 27
72 33
40 112
14 121
62 32
99 41
9 112
2 26
71 21
96 5
69 105
71 48
9 32
28 44
95 26
51 106
104 80
82 67
93 17
76 53
26 4
82 2
31 26
101 104
41 112
6 37
7 75
12 124
71 40
69 110
115 20
67 91
105 62
120 59
6 111
15 52
59 115
16 34
61 12
84 108
95 116
72 44
91 31
3 20
128 42
59 14
32 53
18 118
45 21
72 4
83 22
77 48
17 62
71 47
24 67
115 89
109 52
13 7
26 118
28 68
108 28
66 97
5 60
126 67
67 75
1 125
73 26
115 7
31 124
84 46
59 68
90 7
107 7
112 6
117 100
62 124
90 53
81 31
21 111
90 107
76 25
25 104
65 15
95 62
125 7
72 11
3 20
20 115
6 8
63 95
110 126
65 83
43 113
20 104
25 22
108 59
128 125
56 108
104 15
100 123
86 125
106 23
34 61
35 60
125 22
125 40
91 99
114 128
83 17
107 59
45 126
109 38
40 54
58 19
62 55
74 8
104 64
51 3
30 80
122 38
37 84
104 48
18 97
93 24
104 126
64 120
11 65
34 75
49 74
25 42
74 85
8 118
79 104
81 94
1 26
102 42
83 101
19 10
87 119
101 80
85 123
21 88
105 71
97 5
95 102
33 13
21 116
29 10
34 65
104 126
20 34
61 67
115 124
46 24
105 102
29 68
43 96
70 119
29 21
108 112
63 28
83 9
77 29
33 41
63 109
101 75
3 110
58 13
21 79
98 6
101 119
73 68
26 61
61 49
49 45
92 94
124 6
127 77
9 42
37 71
114 48
30 99
18 84
1 60
62 105
40 4
92 24
68 100
7 8
59 104
34 54
95 101
120 35
75 10
85 27
75 24
55 49
61 105
122 74
74 72
41 58
80 70
84 89
123 125
9 26
82 127
99 121
57 92
70 86
46 118
47 18
74 23
64 124
63 3
101 109
97 107
69 23
123 2
69 111
111 42
106 49
108 96
89 99
63 98
47 100
119 73
10 85
111 3
114 128
119 94
118 124
40 36
51 57
34 117
28 51
52 76
43 110
67 119
96 8
92 87
48 121
70 67
78 81
24 93
103 16
10 38
62 91
18 55
75 60
14 94
59 34
117 8
128 87
104 53
68 28
13 97
121 34
15 36
85 20
56 108
109 100
113 14
71 19
40 42
22 32
94 1
118 93
111 68
79 85
62 14
72 123
102 105
111 82
28 51
111 81
88 57
4 23
124 78
12 79
5 73
85 73
6 37
23 41
115 46
125 123
34 32
12 28
42 95
8 56
17 20
99 41
75 32
125 95
90 36
120 1
76 23
91 111
102 54
128 41
49 121
124 47
57 107
119 4
70 3
90 55
20 13
116 124
84 67
127 55
108 13
39 115
74 38
114 59
65 15
52 70
58 9
116 110
61 11
87 96
25 99
14 122
35 124
83 90
97 121
105 111
18 27
60 49
112 37
1 62
18 49
10 6
75 47
28 70
121 118
125 116
27 47
23 107
23 122
82 108
15 8
8 66
57 41
69 45
1 108
34 78
123 90
108 70
108 115
122 69
100 104
83 39
56 65
11 112
90 101
118 66
82 61
27 18
98 88
6 65
18 88
98 99
48 9
122 72
121 99
7 30
7 99
116 67
49 118
111 20
107 96
122 80
109 100
87 97
32 9
117 41
16 71
66 27
122 2
7 48
33 15
51 37
1 44
51 119
26 47
63 7
94 81
75 108
124 82
100 87
27 100
60 6
56 29
54 53
56 77
28 8
106 11
95 85
5 76
18 86
94 84
106 27
90 98
10 84
108 92
93 65
17 84
57 92
30 65
40 23
89 56
114 62
41 113
98 76
89 16
74 85
55 76
83 70
26 1
13 37
126 93
82 14
81 9
128 19
40 33
117 75
100 80
123 35
12 93
4 76
86 10
73 79
56 6
80 36
111 97
93 99
73 52
73 82
63 117
87 120
17 42
109 124
114 108
90 109
17 112
4 59
108 14
46 2
69 116
45 117
58 119
56 119
54 67
56 70
85 80
56 59
103 82
86 124
48 35
102 52
13 78
21 34
28 54
79 18
22 11
41 26
115 125
15 42
3 114
12 68
29 20
82 112
15 14
106 63
96 81
42 119
40 32
92 48
125 95
51 3
57 68
119 26
38 115
8 44
66 43
36 77
57 2
7 16
61 92
84 96
86 22
102 23
93 19
115 54
57 42
23 66
15 30
61 33
113 25
125 18
88 92
86 6
93 27
111 120
126 59
54 25
123 87
15 88
123 87
105 42
14 124
108 27
75 27
24 125
9 118
122 82
128 120
104 53
80 40
83 104
48 46
37 77
79 59
74 101
40 33
63 39
79 127
87 66
119 62
22 34
52 85
67 71
71 118
23 70
112 51
50 3
6 61
42 128
96 47
116 75
90 41
107 106
98 30
47 77
112 20
57 38
77 67
75 50
15 80
19 75
45 12
62 84
6 116
66 91
85 100
29 123
93 45
88 84
66 13
1 54
102 40
122 68
69 18
61 53
14 6
128 117
10 70
95 69
11 98
94 44
104 76
7 75
82 109
99 109
123 63
15 91
94 13
67 91
29 90
118 88
77 25
118 30
33 55
46 40
68 28
100 98
100 33
43 116
43 46
95 94
50 110
75 128
49 89
115 110
110 115
43 17
1 66
29 123
122 48
53 56
43 19
45 94
52 20
49 55
17 116
27 24
96 74
12 36
93 36
99 124
55 16
88 119
33 127
62 114
70 119
51 82
1 120
54 68
1 44
127 87
52 34
2 124
41 69
112 14
72 71
59 87
126 39
91 92
74 27
90 62
72 120
105 11
40 110
9 86
38 32
6 93
117 125
68 33
55 93
48 54
112 71
73 43
11 100
14 81
100 124
88 70
107 21
86 5
84 118
68 94
107 60
9 30
119 64
85 80
78 102
119 68
2 55
117 97
63 66
31 109
75 48
52 54
77 16
78 104
46 51
24 102
74 44
31 115
79 72
57 21
104 23
65 96
35 77
57 40
46 32
14 74
79 101
127 125
65 20
118 97
84 113
73 64
117 1
53 57
8 23
12 67
48 9
94 57
105 101
38 114
36 66
51 8
53 112
94 78
78 44
74 30
85 26
50 127
77 49
11 80
32 84
124 109
7 59
116 127
96 124
94 116
29 79
54 73
52 73
7 32
45 72
24 83
57 65
63 123
107 22
51 29
9 72
74 109
2 15
123 105
6 55
25 42
75 82
22 52
120 11
73 47
78 62
3 57
118 26
114 82
26 109
23 8
40 97
78 97
105 76
64 49
78 93
34 81
19 60
36 115
33 119
2 120
82 69
2 10
123 126
97 98
90 86
113 127
88 48
114 42
57 28
100 19
32 87
88 107
15 95
6 53
67 112
39 65
17 122
96 6
40 106
51 80
94 88
81 113
103 108
51 108
34 13
91 82
86 53
47 63
13 115
54 45
103 126
65 15
21 93
59 113
83 127
40 4
14 93
28 84
23 112
37 17
9 19
111 51
64 41
45 87
13 19
2 17
8 78
108 46
29 83
6 19
68 1
15 43
5 48
9 31
29 55
109 70
6 3
60 1
32 12
111 1
71 62
11 28
23 46
88 45
26 35
8 55
57 90
79 52
19 5
36 81
37 102
69 124
101 24
50 7
46 87
35 78
34 89
71 12
119 19
73 95
53 124
93 45
98 23
96 84
59 111
76 105
75 64
125 104
41 112
24 25
20 42
13 22
61 42
128 37
128 22
24 92
70 108
113 72
101 104
80 3
53 106
54 108
35 49
118 4
4 14
4 12
114 71
4 115
105 93
85 44
127 113
48 126
93 105
9 97
91 35
64 124
108 81
105 99
49 70
39 12
95 87
101 58
90 21
114 66
44 1
53 110
52 5
19 101
60 74
60 82
80 64
102 65
1 103
65 90
113 50
25 2
88 23
124 127
84 32
89 37
63 10
104 55
82 85
84 115
90 76
115 124
70 92
10 21
70 80
109 99
79 73
107 43
61 124
91 63
91 22
74 3
16 78
7 92
2 10
28 81
97 16
109 67
50 56
10 128
66 23
115 17
47 6
80 17
21 24
110 93
94 73
109 7
63 11
128 49
95 111
39 105
48 26
63 13
124 57
88 79
51 40
40 125
102 8
13 127
24 98
112 70
63 50
126 29
36 94
21 20
122 117
70 106
89 82
77 70
2 105
120 18
6 86
57 69
62 15
126 8
49 52
113 101
86 107
76 121
71 75
91 97
86 47
92 72
35 5
84 95
21 114
3 28
96 85
39 8
117 1
16 128
2 76
88 44
110 50
57 16
102 58
61 123
109 85
98 57
8 99
97 74
122 40
40 7
25 63
68 107
62 105
69 1
96 77
93 17
70 108
61 29
115 118
119 74
41 67
100 57
56 1
88 128
106 126
39 45
59 17
56 24
61 117
52 104
82 61
12 15
17 29
100 30
18 47
28 55
106 120
2 7
19 86
111 124
17 14
86 48
6 45
128 58
14 118
7 86
21 7
70 33
118 114
77 84
30 119
18 50
6 26
113 38
50 64
50 62
18 21
29 116
109 88
106 2
62 99
124 48
26 121
65 75
15 58
43 71
35 71
18 45
67 112
122 94
94 127
126 74
128 114
123 32
25 59
28 38
80 84
102 31
5 69
4 18
109 103
69 64
101 121
43 31
95 101
119 57
22 55
7 38
102 44
128 33
101 100
11 93
57 9
43 17
47 3
109 127
18 16
119 77
87 78
61 3
8 10
90 6
13 112
84 95
63 107
82 40
96 69
6 100
69 55
36 43
44 32
116 112
47 65
36 104
127 86
99 18
39 89
41 24
63 5
126 124
43 39
78 50
42 124
45 103
67 5
37 30
70 7
128 103
114 50
41 79
123 28
8 85
118 9
4 125
119 42
6 80
86 87
39 102
108 106
104 65
70 54
38 28
20 73
20 118
87 121
119 110
13 92
3 80
115 49
110 86
127 103
50 124
54 53
21 125
20 118
91 61
6 69
81 77
68 128
3 69
8 54
85 21
105 32
84 34
95 48
104 58
45 88
78 57
64 1
61 109
64 78
75 117
1 59
84 74
20 31
69 73
60 119
20 118
111 15
14 42
42 37
45 28
27 100
125 62
101 63
88 32
68 9
118 74
70 84
27 73
2 114
97 90
88 44
103 114
60 128
105 5
29 121
125 86
79 125
10 53
34 25
39 99
9 41
119 14
103 107
65 33
125 82
68 83
13 47
17 42
24 127
107 108
96 121
112 47
17 41
26 115
44 52
68 14
38 11
86 77
90 54
67 125
39 117
105 97
111 95
19 56
81 60
36 80
71 77
45 81
128 50
112 70
48 34
24 128
37 50
44 89
77 79
113 10
23 55
95 119
71 127
67 60
45 13
58 98
86 3
46 110
44 5
102 68
20 88
102 23
3 66
39 72
32 54
113 122
88 22
73 75
20 56
74 88
99 104
100 27
74 11
67 55
27 49
107 68
111 47
63 57
52 7
11 113
104 76
59 3
106 54
95 87
7 21
39 51
31 106
111 53
16 57
14 102
69 109
125 100
11 100
12 79
28 110
45 115
108 87
28 94
63 92
108 89
5 4
44 119
1 82
59 47
75 69
6 53
23 17
53 2
106 26
9 69
21 8
119 47
43 3
53 73
63 116
80 84
40 90
125 83
30 5
59 77
81 76
117 100
115 25
57 67
61 86
70 11
111 13
105 73
84 93
123 6
68 13
125 13
62 78
22 121
125 9
122 22
45 78
123 56
45 40
72 15
109 1
38 24
106 85
19 43
75 89
53 90
30 91
122 15
72 123
67 33
26 12
18 84
30 48
9 119
14 1
51 18
22 104
96 98
62 95
29 2
42 75
2 15
15 50
100 40
123 96
38 5
102 93
52 24
22 58
104 109
85 14
96 61
6 60
2 103
19 76
65 63
61 112
82 114
78 16
66 98
54 100
68 112
37 52
60 24
50 106
48 92
71 68
66 20
106 39
8 98
76 23
4 101
105 86
7 18
78 43
57 71
60 127
13 93
60 63
105 92
85 66
71 27
117 30
1 105
77 40
47 12
34 4
51 44
97 16
89 123
103 6
50 58
85 31
12 96
102 21
45 120
21 75
49 32
13 9
46 24
50 113
14 88
57 67
53 44
38 121
87 51
35 88
51 76
116 13
2 88
36 84
75 71
8 99
123 101
68 3
105 98
116 16
32 118
26 84
36 48
122 111
7 67
126 68
117 112
95 24
34 74
8 96
56 3
25 104
40 6
98 82
5 109
69 21
81 61
100 125
82 101
112 84
101 92
14 48
101 125
46 20
21 93
61 97
31 78
6 63
43 68
68 125
11 66
39 20
4 40
74 71
66 95
113 14
95 81
120 69
38 46
80 86
118 94
125 64
95 44
99 78
110 4
93 81
53 79
114 39
16 83
18 128
47 19
59 6
89 23
121 115
13 35
7 57
86 60
26 46
11 6
22 2
77 78
50 93
115 101
82 106
61 1
21 55
3 92
94 41
42 74
96 107
35 95
105 28
57 11
120 29
104 39
90 74
26 81
91 118
104 57
71 126
75 24
67 68
96 121
63 106
29 40
15 36
38 74
95 97
22 4
14 69
114 64
62 25
27 93
7 53
109 101
37 7
107 33
29 62
26 12
23 62
113 22
127 87
8 47
39 112
90 1
106 33
86 102
37 105
7 102
118 116
12 103
19 46
68 75
58 3
58 27
114 31
89 25
58 3
109 61
82 50
101 4
43 111
120 16
69 51
12 5
125 85
6 31
14 31
110 103
68 52
123 16
49 11
123 92
96 106
48 9
71 23
11 47
5 52
110 28
41 120
75 120
6 60
77 83
100 12
121 107
121 54
80 59
10 2
116 47
36 18
93 8
64 17
20 75
66 54
3 74
48 59
89 32
15 80
10 45
58 41
102 114
44 51
92 77
4 12
81 4
78 69
56 23
74 23
59 68
61 128
52 62
12 5
62 128
40 126
23 58
8 46
44 56
67 23
120 93
125 48
23 115
56 18
52 118
70 35
50 41
102 98
53 1
70 96
121 67
119 118
5 107
25 89
52 33
56 19
48 101
37 126
59 53
81 74
124 71
108 53
27 47
67 111
108 126
54 93
122 53
53 44
13 106
93 50
26 30
69 68
2 7
42 43
31 4
109 18
67 78
15 45
106 125
116 7
13 15
38 71
47 88
67 115
88 37
119 20
10 111
43 60
107 96
66 86
54 26
25 66
44 117
26 31
9 41
27 80
76 13
87 14
71 119
55 34
66 84
75 22
64 5
11 116
14 35
86 94
67 41
68 39
86 54
60 38
96 81
100 113
75 116
88 66
113 72
81 34
102 66
17 42
4 31
66 117
108 109
45 14
6 21
106 116
72 30
106 4
66 24
4 102
53 99
107 66
56 80
37 90
53 65
120 102
55 69
95 47
89 97
2 85
80 4
55 64
92 65
10 35
25 101
104 17
8 125
70 12
56 87
123 18
113 37
33 3
73 61
40 116
126 36
5 69
10 95
12 8
63 53
122 13
96 100
45 53
22 107
17 72
35 105
78 121
51 72
35 95
65 23
21 121
88 96
87 22
47 84
128 42
115 21
8 116
40 5
37 123
8 88
105 61
62 87
77 31
103 4
7 124
58 34
83 91
55 66
17 34
79 86
92 105
78 126
122 42
22 121
88 111
87 115
96 88
98 51
93 122
76 60
76 1
98 117
66 22
65 124
62 104
11 27
29 110
122 21
7 40
96 56
128 2
82 113
122 42
125 88
20 99
118 84
100 55
122 103
118 13
111 67
91 12
29 30
117 68
116 128
91 9
84 125
11 8
28 9
48 104
16 96
62 25
77 52
53 11
90 23
57 7
12 82
94 84
78 27
73 89
15 105
23 14
83 72
29 57
44 118
112 108
48 44
91 59
13 73
24 17
108 102
6 47
58 102
43 42
127 23
51 2
112 127
78 26
79 91
10 50
77 121
26 49
6 95
30 80
70 4
92 125
45 120
15 18
109 64
34 85
1 117
17 116
8 53
82 63
95 115
30 85
4 90
80 99
111 65
67 42
49 55
55 35
111 39
9 100
63 98
52 79
63 128
65 11
119 61
89 97
16 81
118 42
95 100
105 91
3 67
3 22
29 80
24 56
92 100
43 81
113 10
1 15
29 93
106 109
112 101
107 69
108 57
45 10
24 80
92 80
75 59
70 98
43 52
125 12
37 68
60 97
103 96
82 23
32 73
103 77
128 10
60 73
75 93
92 9
116 94
75 54
19 68
42 85
43 25
104 61
14 25
104 50
101 59
69 48
18 8
15 69
128 68
38 128
29 17
37 85
2 4
110 5
15 98
65 88
126 119
13 78
49 57
78 7
67 52
44 4
17 95
46 15
92 110
55 93
36 44
36 69
97 127
49 27
69 30
17 121
26 11
84 37
123 126
128 72
106 41
10 36
14 27
5 11
19 38
51 56
120 10
100 82
72 80
50 57
19 4
20 107
10 87
90 12
43 69
6 127
91 61
28 3
80 8
71 63
60 79
15 79
2 11
103 24
128 57
70 6
39 37
56 2
109 33
111 50
87 112
91 92
41 86
76 119
112 122
29 81
125 18
119 65
2 17
33 87
102 68
116 9
6 22
95 57
116 112
25 42
104 100
109 48
122 30
62 61
92 72
35 13
19 89
72 19
10 6
124 118
107 61
120 50
7 111
95 47
101 19
15 105
26 12
33 115
11 3
71 116
85 76
104 100
78 84
22 45
2 84
85 125
20 51
64 80
86 78
2 36
27 25
62 74
126 84
76 65
43 56
112 31
114 101
113 104
19 117
39 93
36 107
125 24
113 26
115 82
6 126
5 90
70 11
121 47
57 87
61 50
119 38
28 117
53 83
90 115
117 81
126 63
57 25
77 45
99 40
50 32
30 73
36 109
125 79
67 18
41 24
56 43
78 84
17 100
34 128
47 74
47 31
116 71
65 117
76 38
32 121
58 98
111 48
15 48
107 29
107 118
78 12
39 35
25 88
99 27
22 111
50 57
55 63
61 128
76 4
104 110
7 67
19 7
112 68
75 94
79 91
78 94
43 90
51 70
120 10
102 68
24 68
36 13
99 104
97 68
55 46
46 75
106 116
25 68
5 14
16 97
38 64
70 92
117 87
41 22
9 35
89 71
42 48
65 74
68 3
46 85
10 73
28 60
5 42
2 127
33 56
93 89
119 44
67 122
77 101
60 34
36 93
45 99
66 10
12 26
21 90
52 125
87 68
10 76
80 30
68 120
42 46
10 92
32 40
74 77
16 17
98 42
43 50
17 41
82 33
55 5
91 120
113 99
66 78
11 109
24 12
74 16
26 34
37 100
82 67
80 18
43 45
69 82
83 33
40 76
94 7
41 121
113 108
84 86
6 91
96 117
124 54
113 76
128 8
109 79
16 13
66 39
34 80
66 33
40 46
11 36
126 20
125 69
6 74
68 70
111 35
1 29
112 94
12 88
125 27
89 97
53 28
125 15
13 84
107 2
5 93
71 46
94 99
2 30
29 41
24 71
94 35
26 3
60 79
96 128
73 86
14 63
108 11
86 112
22 87
5 69
30 59
90 9
63 83
56 28
13 38
31 20
74 26
11 40
123 85
40 55
44 124
108 116
55 118
19 22
126 60
9 29
119 85
58 121
117 8
89 60
128 96
25 8
58 13
103 113
29 65
17 18
7 17
1 111
106 128
111 112
23 39
38 33
107 63
77 103
76 94
117 123
59 36
77 68
117 40
62 76
74 95
19 1
46 78
26 17
72 5
61 77
39 15
113 93
21 31
50 70
63 30
47 14
52 74
49 122
110 31
68 67
124 115
26 97
128 9
53 47
13 1
99 1
46 95
117 11
12 27
93 29
5 117
16 15
51 114
75 120
33 71
46 119
56 29
67 42
49 96
89 37
118 16
97 128
85 79
29 71
112 17
84 111
66 48
113 19
37 77
38 24
62 63
122 16
44 116
109 90
101 3
16 115
37 102
54 112
69 1
33 7
123 119
80 45
68 2
87 43
119 53
90 52
89 108
26 86
25 80
46 83
21 42
90 58
81 127
19 95
125 27
45 104
121 8
64 43
46 35
57 12
41 70
50 9
90 55
115 57
87 78
79 92
14 12
41 67
71 24
94 58
78 73
98 41
74 67
72 33
118 78
6 15
82 96
45 56
124 12
96 74
80 79
75 31
114 105
101 120
101 51
47 86
94 57
83 47
98 108
60 45
105 68
31 49
26 38
128 70
81 91
47 62
1 122
83 42
51 1
30 23
85 105
39 29
8 1
73 10
41 77
36 72
88 19
62 2
17 29
58 26
34 112
126 54
76 113
28 26
1 70
122 78
81 16
119 45
126 74
28 104
77 103
26 33
17 31
125 11
113 66
110 94
107 49
79 73
73 126
116 104
20 38
88 73
111 35
36 92
11 21
25 67
18 28
67 79
119 110
18 65
128 77
63 41
5 92
39 108
43 123
119 74
28 48
85 120
5 61
94 42
91 100
53 14
39 7
100 30
105 34
85 83
72 63
49 24
25 108
85 122
7 98
54 10
85 68
100 101
4 63
5 76
99 108
123 88
72 55
1 24
118 52
125 61
124 26
88 20
9 91
15 117
117 9
80 108
21 124
87 58
8 110
101 126
16 9
122 21
54 4
52 19
61 96
117 90
37 105
56 43
75 102
60 66
98 74
87 86
73 52
52 8
4 22
61 31
99 89
116 30
10 72
10 7
117 38
93 109
29 54
77 16
106 13
120 45
15 1
83 84
111 17
52 65
61 6
65 52
110 65
96 46
46 99
3 18
102 75
8 27
21 20
3 23
4 23
22 100
63 19
27 119
69 62
77 15
27 100
92 102
97 58
21 115
110 85
127 109
17 22
62 59
76 11
24 121
81 97
9 104
116 17
8 57
34 9
100 124
103 53
107 78
53 52
40 17
127 19
124 81
104 86
83 27
8 56
56 99
11 88
21 72
53 78
83 81
126 78
47 107
97 92
123 73
17 60
27 115
29 19
111 23
70 112
12 119
17 46
98 123
81 101
58 80
46 95
47 11
118 61
126 70
46 78
95 39
49 66
61 71
98 42
124 118
43 4
39 53
87 66
54 1
6 122
67 61
66 58
90 78
117 56
74 67
69 67
17 22
34 58
84 94
123 112
121 7
106 56
86 96
91 15
10 23
100 11
110 115
104 26
69 101
55 38
126 64
51 54
64 44
72 28
25 45
41 65
116 72
44 52
64 38
51 112
101 67
119 20
112 120
44 124
23 127
79 115
123 59
25 102
79 97
89 98
57 76
66 62
43 25
108 36
126 88
11 7
5 112
33 16
110 120
44 36
40 48
35 11
21 89
43 86
83 17
96 14
84 121
47 74
17 64
122 58
30 109
33 57
89 108
21 3
5 66
29 22
5 111
108 99
20 98
48 77
24 125
60 34
1 19
109 13
79 102
122 42
35 125
70 48
6 105
94 114
66 71
69 30
114 25
57 113
52 66
6 86
28 74
32 38
72 34
13 117
63 26
100 44
2 72
97 88
102 127
87 102
41 32
127 74
98 107
106 47
37 8
29 65
18 127
19 37
37 76
53 49
114 75
2 126
37 47
108 99
3 38
49 109
50 7
59 106
128 9
54 29
10 105
120 33
95 8
110 48
11 95
30 52
42 81
118 96
107 55
117 69
32 62
114 25
70 91
125 23
41 124
39 60
125 60
48 77
32 56
98 91
94 77
22 56
96 100
51 22
37 12
32 57
47 10
114 128
70 31
91 41
111 46
26 19
8 126
114 95
33 65
113 59
119 41
125 57
63 33
128 105
26 122
33 58
91 47
93 58
4 122
1 64
23 111
65 46
45 77
126 56
102 60
113 111
35 45
73 118
38 10
122 39
3 116
68 11
127 55
53 102
70 55
45 60
26 113
33 26
95 111
39 122
14 20
36 54
4 115
42 4
16 30
102 49
45 18
78 37
74 68
52 69
39 78
22 107
5 74
87 13
74 95
70 79
45 68
73 122
17 89
6 38
96 6
122 116
39 18
81 30
60 53
125 69
31 127
75 54
125 108
9 28
113 43
108 71
105 125
76 22
86 55
116 21
11 55
7 97
104 109
60 121
2 105
23 101
68 24
22 3
78 21
110 51
38 40
116 41
80 23
43 45
70 72
27 34
37 75
27 61
93 100
110 64
84 36
88 66
86 46
20 100
74 44
72 3
112 34
96 54
48 17
113 51
58 33
13 111
5 69
34 2
92 17
80 53
21 44
98 63
43 26
48 7
54 88
56 12
25 104
48 52
88 93
65 33
102 3
84 102
104 42
16 29
47 54
102 65
125 123
100 102
64 5
20 7
93 85
46 34
66 51
96 88
74 23
103 53
49 88
86 119
35 22
46 84
36 13
34 43
87 79
68 39
104 24
98 37
32 33
76 126
100 60
90 123
27 30
96 17
87 13
109 51
35 107
121 83
93 82
107 95
2 43
28 86
71 1
45 68
116 127
104 59
72 69
1 26
117 24
99 56
103 17
103 79
100 77
33 39
76 72
29 106
113 84
58 41
89 117
126 108
96 120
13 91
13 17
41 86
20 107
85 22
69 89
5 38
122 38
11 67
60 52
6 127
45 85
31 61
106 41
80 74
128 85
122 65
39 104
28 115
75 69
82 119
41 95
127 54
10 36
79 126
73 96
106 119
79 124
128 16
28 87
19 44
6 38
33 55
92 21
23 91
125 22
42 13
32 30
125 32
78 54
58 17
101 25
128 75
8 91
72 6
102 64
44 8
53 63
40 104
70 103
74 27
37 17
96 109
7 24
30 43
22 19
76 28
82 50
114 27
27 72
19 102
17 36
114 116
102 54
106 100
86 52
90 99
80 47
44 17
21 81
116 64
67 51
58 32
43 127
95 41
95 94
51 93
58 76
49 45
4 102
119 33
76 81
98 9
31 43
122 86
79 82
5 109
75 83
109 4
93 92
91 92
62 122
46 120
84 1
42 19
17 112
15 119
65 27
109 5
72 7
105 125
18 39
75 101
57 118
1 18
39 36
109 64
58 63
61 45
37 18
17 42
32 53
42 34
30 114
124 116
19 7
76 44
14 97
53 124
43 95
70 122
32 58
16 3
100 18
78 81
69 82
13 24
90 93
114 67
35 57
5 23
94 49
43 109
71 21
35 45
84 24
65 76
46 4
50 120
100 31
2 33
36 24
59 44
123 83
70 93
99 88
113 84
26 83
65 44
19 91
108 23
121 111
42 1
17 107
55 21
118 83
47 59
2 62
43 83
83 70
56 90
68 58
29 50
77 125
127 59
32 80
91 122
118 116
111 113
87 92
118 119
104 96
94 36
117 34
96 35
71 42
16 5
1 80
90 95
16 3
7 79
109 21
45 60
55 125
47 92
102 75
57 92
30 60
78 67
104 41
79 54
70 16
41 12
108 43
15 125
49 3
77 78
20 105
64 34
64 99
119 43
65 38
16 34
110 98
24 55
112 63
119 100
11 14
30 103
14 13
13 71
9 82
105 37
54 44
39 65
41 14
23 119
63 93
72 16
101 50
23 56
22 103
95 116
63 120
24 92
107 28
95 1
79 32
60 68
46 89
22 124
39 70
37 45
92 43
101 72
13 70
74 27
26 111
60 106
123 42
33 106
37 21
109 16
117 48
22 95
9 102
76 54
43 91
88 77
49 95
28 80
115 22
108 82
68 31
86 11
9 102
23 22
81 90
54 28
35 45
27 40
73 108
25 26
89 126
56 95
78 109
51 114
89 123
9 84
80 98
10 100
102 78
47 103
120 111
74 16
53 36
66 89
101 40
102 20
10 70
33 106
54 108
6 61
51 56
5 27
110 72
71 68
70 108
110 105
23 125
79 29
58 6
88 46
70 126
44 86
75 45
68 126
97 21
3 2
44 109
21 38
66 7
18 61
15 44
47 44
32 81
126 56
118 41
123 104
74 115
122 84
91 18
39 44
56 72
47 88
33 36
65 120
100 116
2 40
91 94
34 66
118 92
37 24
97 70
33 75
68 48
113 73
48 55
34 9
28 8
32 25
36 70
106 23
95 13
70 30
122 55
72 68
115 51
36 57
37 122
16 33
122 4
73 49
113 66
97 47
94 124
2 98
122 37
63 15
53 113
28 127
110 80
121 77
101 15
112 92
35 72
101 54
37 97
74 77
124 63
102 60
71 111
20 23
28 115
71 109
89 100
89 111
108 36
95 126
12 76
20 4
110 20
15 91
115 93
85 34
97 26
6 81
17 80
41 94
57 71
92 69
51 79
101 84
97 20
122 121
29 109
45 123
77 39
82 99
7 49
90 122
101 40
104 20
107 49
41 31
50 29
43 44
31 60
61 90
105 100
27 102
65 20
107 75
60 48
70 41
119 59
96 98
127 29
10 46
121 73
15 11
28 85
54 63
109 92
89 61
106 114
21 12
20 70
107 63
86 7
77 125
2 42
93 21
61 79
81 116
106 18
65 49
83 27
97 2
36 73
54 44
98 75
43 66
1 127
61 74
67 97
6 30
109 105
95 14
126 48
93 107
30 89
44 98
52 39
16 92
58 32
81 37
7 69
32 79
74 43
31 25
21 103
101 119
26 107
60 105
127 32
32 17
101 90
63 61
17 103
128 100
85 110
90 57
35 76
114 82
93 30
84 24
95 70
63 113
86 113
78 83
72 12
126 64
123 33
93 84
24 1
86 97
41 79
116 65
107 47
12 103
117 70
28 76
64 76
101 57
16 75
123 33
63 93
86 124
123 2
44 88
93 90
5 21
13 94
106 125
64 106
24 51
71 39
8 36
4 49
87 115
120 8
57 20
64 35
28 11
49 53
37 123
105 121
21 8
10 29
90 49
120 32
82 31
57 43
123 22
110 77
37 9
114 26
80 115
25 17
87 118
30 86
24 114
55 10
35 5
96 112
56 37
91 20
12 85
104 32
46 26
52 30
119 41
24 87
93 7
14 126
34 12
122 99
37 122
55 93
96 26
1 30
73 36
39 48
43 72
35 54
43 45
128 72
6 66
54 122
81 29
85 101
44 96
44 64
66 80
78 102
14 29
20 85
41 126
13 1
41 42
109 4
82 79
112 14
34 11
76 33
113 8
26 100
57 70
84 52
57 56
83 60
7 34
115 37
71 6
49 55
19 115
125 2
88 6
21 92
44 124
15 79
85 28
124 62
31 90
65 107
40 119
19 29
55 6
44 2
101 21
44 39
9 97
65 14
68 89
119 64
26 83
104 106
107 52
13 91
76 122
122 117
128 89
77 103
30 104
3 69
26 5
13 75
67 115
86 106
115 85
15 106
119 16
114 60
114 45
84 69
60 71
56 68
8 44
54 31
81 42
109 42
81 55
83 63
7 109
16 58
18 12
75 49
98 122
127 116
1 105
78 43
5 40
105 48
89 67
118 109
120 117
22 82
73 14
115 68
53 87
120 9
40 17
13 16
11 24
19 36
127 77
104 96
76 71
46 117
97 117
40 28
78 51
91 64
20 114
88 63
61 126
72 67
10 126
43 35
59 57
102 67
41 68
6 91
78 18
93 49
97 28
92 28
37 19
80 94
26 79
93 57
37 114
112 59
102 110
111 45
74 109
102 43
16 58
127 55
89 59
127 105
112 22
24 1
96 8
58 120
84 94
5 6
20 36
59 4
24 20
39 10
50 26
26 34
29 51
82 57
82 3
119 72
82 4
120 74
21 61
19 52
2 1
11 84
11 26
92 99
87 97
85 40
31 51
126 113
33 49
46 69
72 76
53 22
119 127
122 84
15 68
120 40
32 21
121 55
96 25
114 51
82 67
106 37
54 125
73 33
60 57
122 95
5 114
58 108
102 116
5 101
10 3
122 107
90 52
35 79
84 3
119 35
35 11
16 35
51 97
93 47
22 118
85 71
100 9
108 57
117 5
77 128
29 87
36 125
83 26
116 1
90 29
61 97
88 47
7 46
110 29
75 53
114 4
114 8
6 111
106 123
28 108
18 2
86 97
30 40
103 116
24 16
103 36
116 74
28 118
86 23
5 113
104 108
25 97
113 75
21 4
2 66
77 53
105 38
65 31
70 100
15 21
108 106
108 35
109 25
59 98
120 49
126 53
113 47
35 106
85 17
123 116
109 105
80 41
83 77
109 68
71 118
17 20
100 29
24 28
43 125
92 123
124 120
11 117
93 59
2 116
73 125
110 62
79 37
42 92
55 100
52 93
17 43
37 102
67 125
12 78
14 126
14 54
32 73
48 69
23 109
56 19
42 23
119 99
64 77
116 37
48 57
69 128
11 116
26 65
2 69
58 127
104 69
114 75
89 104
69 56
127 74
93 34
10 75
117 106
76 93
88 31
12 2
34 67
13 101
81 35
76 16
108 120
126 31
63 57
80 122
121 106
102 119
27 63
46 104
24 94
115 118
25 41
78 88
36 66
100 57
63 76
1 98
59 4
11 127
98 10
75 120
21 64
50 76
16 32
104 79
41 90
9 102
44 54
116 30
81 75
108 63
51 31
25 117
60 122
82 102
31 6
17 2
70 20
118 112
93 12
61 77
86 115
18 62
17 125
17 121
9 29
119 70
43 17
73 31
52 75
105 115
75 65
114 48
40 5
77 20
118 39
69 113
86 76
47 92
27 114
78 124
54 83
17 107
100 101
98 91
8 79
9 117
95 114
108 43
95 75
51 103
114 81
3 84
121 20
113 46
28 60
116 55
127 128
13 45
81 5
68 9
78 60
8 49
80 31
128 64
55 90
26 76
76 22
3 32
124 104
29 105
23 42
84 53
26 24
11 94
86 127
99 30
101 95
38 127
67 64
24 99
124 37
107 64
73 88
45 104
9 2
86 104
109 56
92 95
80 11
116 81
4 44
90 87
18 54
78 61
60 66
38 88
58 65
23 57
121 67
34 7
99 53
54 14
118 53
4 104
34 119
20 67
66 118
13 36
42 94
72 50
10 96
27 100
61 108
4 38
45 128
2 62
107 3
96 20
40 91
57 43
36 58
107 87
77 73
87 22
23 57
16 8
76 87
97 116
98 40
74 90
11 61
98 112
21 44
43 22
80 107
93 35
1 121
45 18
53 22
6 98
88 107
88 77
120 104
80 22
30 60
56 14
14 46
73 37
106 58
33 20
10 39
68 114
118 28
64 92
93 81
92 99
128 95
3 117
86 89
57 124
120 49
79 91
1 10
51 10
6 118
128 114
75 88
56 94
84 80
64 4
125 116
15 23
51 64
43 84
4 117
95 126
11 87
69 66
9 11
16 109
24 113
59 122
89 73
117 77
128 4
125 59
33 122
72 31
46 1
28 39
113 7
120 23
6 63
2 38
25 111
69 68
102 124
121 87
79 74
45 79
116 109
122 22
40 101
39 66
61 85
85 11
99 100
48 101
46 63
37 78
124 121
42 37
72 48
20 26
27 47
4 18
60 2
112 14
71 57
60 105
68 55
13 2
114 95
37 43
88 113
128 102
81 113
10 77
42 104
27 55
1 79
20 110
123 1
72 2
5 126
15 34
57 100
43 116
12 82
107 81
112 51
23 126
7 32
37 28
11 66
80 7
23 5
106 89
100 104
36 50
62 66
24 32
37 93
77 41
113 28
9 97
118 41
36 8
103 85
48 21
1 35
41 71
71 50
7 114
67 125
86 68
34 21
71 55
39 102
65 82
53 29
121 11
124 55
21 92
8 99
83 97
52 48
82 21
82 58
95 120
115 71
102 65
52 12
124 98
114 10
14 128
66 61
43 32
43 8
11 53
89 32
41 76
96 85
41 120
73 3
92 82
103 19
16 23
77 63
15 64
75 21
107 41
85 99
2 25
61 11
92 51
28 104
67 68
86 66
64 87
19 122
90 8
35 112
67 23
23 75
73 17
13 24
69 41
125 126
85 15
2 113
17 90
102 25
37 95
120 105
94 127
107 14
44 70
65 52
34 118
20 81
104 59
39 105
33 128
110 66
92 48
105 16
34 21
70 84
65 1
125 31
96 50
21 95
110 117
5 78
22 117
31 74
26 32
39 8
120 93
14 20
68 3
83 34
12 67
19 127
60 7
76 78
84 95
79 69
108 17
120 29
69 96
18 105
125 28
12 16
15 17
102 14
69 103
119 62
55 14
108 96
9 56
45 2
127 17
7 20
15 39
59 67
30 63
93 109
121 124
40 64
72 24
30 88
125 32
45 119
9 101
36 27
93 25
55 25
107 70
94 7
65 28
64 6
112 66
13 73
79 38
107 101
87 116
81 68
32 50
3 70
60 58
5 119
128 112
53 82
119 2
105 127
127 23
47 16
94 30
37 25
79 68
123 52
69 42
14 66
117 105
58 6
92 3
73 98
79 72
37 83
86 78
49 1
91 5
100 109
97 12
26 25
95 67
48 65
110 70
88 107
89 82
73 118
77 60
33 105
57 113
58 35
15 52
51 55
121 22
110 16
68 72
86 45
123 83
22 7
4 83
39 121
57 64
88 57
67 100
49 67
66 125
89 47
123 69
96 109
20 62
18 78
40 19
56 90
49 105
110 101
11 100
100 74
25 73
69 88
72 123
17 69
4 69
31 72
75 19
29 19
119 53
69 95
127 50
17 73
34 64
44 30
92 14
111 99
16 70
34 60
59 11
77 109
42 98
88 34
128 56
67 64
6 120
53 99
18 108
40 74
6 84
121 86
36 108
28 106
75 86
52 54
77 28
101 90
117 53
8 84
114 78
32 43
52 71
64 89
124 16
54 77
37 102
49 26
99 26
48 41
7 92
116 122
4 62
77 80
57 95
101 92
76 116
116 50
11 37
122 39
46 109
106 104
95 124
102 87
111 58
104 16
25 125
17 30
57 4
110 56
94 74
90 27
11 80
115 86
41 91
42 24
107 89
102 86
39 94
91 96
111 115
114 50
103 35
108 30
27 3
34 28
97 31
5 83
4 8
72 59
63 117
76 87
74 43
63 116
1 26
9 106
98 109
113 69
109 125
26 89
43 88
58 45
82 78
57 47
92 72
16 43
17 68
16 119
56 65
128 69
9 128
29 18
23 86
125 36
59 125
101 19
63 31
123 62
84 10
125 58
15 63
90 17
122 91
89 109
116 123
38 109
108 39
118 84
51 97
32 78
115 89
74 115
1 125
28 72
33 74
10 100
108 34
45 1
103 18
63 19
19 62
36 56
110 103
43 20
48 66
89 103
76 11
123 5
110 23
73 103
5 73
80 2
20 40
2 45
88 6
13 37
123 114
96 19
99 94
2 23
90 51
28 53
18 81
94 56
89 25
34 90
95 7
112 77
127 12
69 111
100 23
67 69
105 5
52 16
56 107
122 8
81 114
79 35
37 46
11 95
102 48
60 6
37 70
66 97
120 15
87 68
50 105
19 121
109 102
110 100
105 54
65 119
11 65
78 64
119 103
81 50
30 114
94 14
80 62
30 115
13 77
2 100
103 42
106 11
79 106
9 38
61 84
80 101
103 62
17 7
49 76
38 112
68 74
39 42
89 73
98 1
50 79
35 52
89 37
24 108
14 32
63 106
7 118
62 40
93 118
12 92
97 45
72 10
31 94
49 41
79 74
13 5
128 51
124 74
56 28
3 6
86 39
