200 10
16 11
 9 10
 2 19
 2 18
 8  7
18  3
 9 16
10  3
16  3
 9 16
 4 14
10  0
10 13
 7  1
 5  3
 4 19
 9  1
 7  4
19 20
10  5
19 13
 9  5
12  4
18 12
 4 12
 0  8
 3  0
10 18
 6 19
 3  3
17  8
12 17
 5  3
16  4
 4 10
 8 18
17 17
18  9
 6  0
20  6
 8 13
 8  2
16 17
18  7
14  0
 0  3
14  0
10 11
 9 12
 7  9
 1  8
16 19
20 18
14 19
17 11
16  3
11 11
 5  1
19  4
 0 20
12 18
19 18
 7 16
 9  2
17 17
 5  7
 6 12
 9 18
17  4
 6  7
20  7
10  6
14  3
13 13
16 15
 6  0
19  7
15  6
16 19
20 17
17  0
12 18
 7  6
16  8
 5 17
10 15
 1  5
 4 19
 1  6
12  6
 4 10
 5  9
16  5
 8 17
 4  3
 1  6
 6  5
 3 19
13  6
11  1
 4  9
 1 19
 6  3
10 11
13  8
 0 13
 5  9
 1 10
13 19
15  0
 1 10
13  9
 6 13
16  3
 2 17
13 20
12  7
10 18
12 12
15 18
 4 18
14 10
17 18
11  2
 5  2
15 15
19 14
12  5
18 19
19 12
 5 17
 9 20
12  0
19 13
14  7
 2 16
 7 11
15 15
 8  6
 8  2
 1 13
18 15
 1  2
17 20
 4 19
 9 16
10 12
 7 12
 9  3
 5 14
 0 12
14 10
 1 11
12 18
16 16
10 15
 7  8
 9 10
13  7
11 14
 6  3
 7 20
16  4
17  1
 6  7
12 11
18  1
 6 19
10 15
15 12
 1 17
12  3
13 16
14 14
15  1
18  8
19 15
 6 15
12  9
14 16
 7  7
11  0
 1 20
16 13
15  3
 5 13
 9 11
12 15
20 16
 2 17
 1 19
17 15
12  5
16  2
 2  2
19  9
15  0
20 11
18 12
14  5


0 0
