2 78
9 9
90 6

2 40
3 2
27 0

2 38
1 6
1 0

2 92
3 2
18 6

2 84
8 4
24 7

2 47
5 9
40 1

2 60
4 7
28 5

2 37
2 2
10 8

2 52
10 7
40 1

2 66
5 0
35 5

2 15
10 1
100 6

2 31
5 0
50 6

2 16
9 8
54 1

2 18
9 4
18 5

2 74
5 2
30 6

2 76
8 4
16 3

2 84
1 5
7 4

2 11
10 9
60 3

2 48
4 8
16 4

2 28
10 2
80 5

2 20
8 8
32 5

2 90
1 9
6 0

2 54
2 8
14 6

2 20
9 1
18 7

2 32
10 2
40 1

2 74
9 7
63 7

2 26
2 0
2 8

2 86
3 1
18 0

2 12
5 7
35 5

2 8
5 2
35 2

2 44
3 5
18 6

2 17
6 9
42 9

2 19
4 1
40 4

2 100
1 6
1 4

2 94
1 8
3 2

2 77
5 2
35 6

2 46
5 5
35 8

2 83
7 7
42 3

2 19
8 5
80 2

2 19
7 6
42 3

2 50
1 7
7 6

2 70
9 1
54 8

2 92
7 7
7 6

2 98
4 5
16 1

2 11
9 8
72 1

2 33
1 0
7 8

2 55
5 4
15 4

2 51
2 3
16 3

2 83
10 8
80 3

2 95
2 0
16 5

2 61
10 0
90 6

2 33
2 5
6 2

2 92
6 6
12 4

2 38
5 7
30 3

2 69
6 6
24 0

2 71
2 6
18 4

2 75
5 3
40 5

2 36
10 6
20 3

2 14
8 9
56 0

2 33
1 6
2 8

2 87
6 7
54 0

2 13
8 6
24 0

2 17
7 3
28 3

2 67
9 8
54 6

2 80
10 1
70 4

2 26
2 8
2 4

2 58
4 5
12 3

2 12
9 1
27 7

2 90
8 7
56 3

2 86
3 8
9 2

2 55
10 0
10 5

2 43
1 2
9 2

2 15
2 9
2 0

2 6
4 9
16 4

2 95
9 5
81 6

2 40
3 0
18 9

2 40
3 5
9 6

2 95
5 8
5 9

2 61
8 5
16 2

2 39
1 4
1 6

2 86
1 8
7 6

2 81
6 6
12 6

2 73
8 0
72 6

2 71
1 5
10 0

2 28
2 9
14 2

2 93
4 6
12 1

2 25
6 9
12 9

2 45
1 7
2 9

2 78
9 2
45 0

2 76
2 4
8 9

2 4
3 1
9 1

2 63
9 9
18 7

2 65
7 9
35 9

2 67
2 6
12 4

2 95
6 5
36 2

2 40
4 0
32 1

2 8
4 5
4 1

2 16
7 4
49 6

2 45
7 3
63 5

2 20
10 8
40 9

2 19
9 5
45 6

2 71
1 2
3 4

2 90
8 7
72 3

2 40
10 3
40 5

2 36
8 7
64 7

2 14
3 2
21 9

2 37
6 1
60 2

2 52
7 4
49 0

2 8
1 0
4 3

2 70
2 3
2 6

2 73
2 6
14 6

2 55
1 5
1 9

2 47
10 7
60 6

2 70
4 3
4 8

2 17
1 3
8 2

2 33
5 0
25 5

2 61
8 4
32 8

2 95
7 9
7 5

2 87
4 3
12 0

2 62
4 0
4 4

2 86
10 4
80 6

2 81
9 5
54 0

2 80
5 5
30 5

2 82
7 3
7 2

2 35
3 7
12 8

2 12
8 6
72 1

2 54
10 7
100 1

2 91
8 9
72 8

2 63
2 6
6 2

2 74
8 1
64 4

2 9
9 8
18 3

2 58
5 7
10 7

2 100
1 6
7 1

2 8
3 6
27 5

2 38
8 2
56 2

2 21
10 2
10 7

2 16
1 0
4 6

2 35
5 4
5 5

2 70
4 6
36 5

2 58
1 4
3 4

2 87
5 0
30 7

2 78
9 8
27 8

2 65
8 8
64 8

2 91
10 5
50 1

2 36
9 4
18 0

2 66
8 0
8 3

2 69
9 1
18 0

2 35
1 9
7 0

2 92
7 4
7 2

2 40
7 7
7 8

2 14
7 5
70 4

2 22
4 7
16 4

2 61
2 9
16 1

2 46
8 9
64 6

2 63
10 6
30 5

2 30
6 7
18 5

2 50
10 6
80 6

2 45
8 7
80 2

2 63
10 5
100 5

2 49
5 8
50 1

2 26
3 7
30 6

2 5
7 0
42 5

2 45
1 9
2 6

2 6
2 6
8 3

2 66
5 4
15 6

2 17
5 5
45 4

2 1
4 3
8 8

2 74
9 6
63 5

2 74
8 9
40 3

2 12
10 8
50 1

2 87
8 0
40 9

2 7
2 2
4 5

2 12
7 5
49 7

2 92
7 2
63 3

2 100
8 2
16 3

2 19
6 1
60 1

2 39
4 1
8 0

2 78
8 8
8 4

2 43
9 4
45 7

2 24
6 0
60 8

2 86
1 4
7 7

2 76
3 9
24 1

2 56
1 5
8 7

2 3
8 5
80 8

2 80
4 3
20 0

2 66
1 7
8 2

2 16
1 6
1 3

2 70
8 4
80 6

2 30
5 8
5 1

2 15
2 9
8 3

2 82
1 8
3 8

2 26
3 2
9 8

2 88
9 8
63 0

2 18
2 3
10 1

2 90
7 5
70 5

2 74
10 9
90 8

2 15
4 2
8 9

2 75
8 0
56 8

2 74
9 1
72 3

2 65
10 8
10 7

2 45
1 2
5 1

2 92
6 2
48 9

2 22
1 7
3 5

2 81
9 3
54 9

2 87
7 2
63 3

2 37
1 5
4 1

2 33
9 2
90 1

2 85
9 4
27 6

2 57
7 4
7 8

2 14
3 2
21 5

2 96
7 7
35 8

2 74
2 5
2 0

2 75
4 9
20 7

2 6
7 0
49 9

2 51
8 2
72 6

2 60
3 8
15 7

2 36
1 4
7 4

2 39
1 2
6 8

2 44
10 3
60 0

2 98
9 4
63 3

2 61
5 5
5 3

2 24
10 8
100 6

2 59
1 4
4 4

2 9
9 3
72 9

2 59
3 2
18 8

2 26
4 7
36 2

2 20
5 8
30 0

2 100
1 6
3 1

2 12
3 4
30 0

2 8
4 2
24 4

2 42
10 6
30 4

2 41
10 5
90 7

2 81
6 8
24 9

2 27
10 7
20 7

2 48
2 0
2 4

2 87
2 0
6 8

2 80
8 6
24 7

2 93
9 2
45 0

2 8
1 3
8 4

2 19
3 1
24 1

2 6
6 3
54 1

2 90
2 0
4 8

2 25
6 3
36 6

2 88
10 9
20 1

2 56
9 8
9 8

2 83
4 5
28 4

2 29
10 9
80 5

2 28
2 1
14 4

2 36
3 4
21 9

2 68
10 2
60 2

2 90
5 3
30 5

2 34
4 1
12 2

2 93
8 8
56 6

2 28
8 0
64 8

2 35
1 4
1 8

2 62
6 6
36 7

2 65
7 7
63 1

2 43
8 0
40 0

2 51
3 0
9 9

2 51
7 0
28 9

2 87
4 2
12 0

2 100
2 0
6 3

2 79
7 0
21 1

2 22
6 1
42 1

2 46
8 3
8 2

2 70
9 5
81 0

2 80
10 6
70 5

2 60
2 9
6 0

2 24
3 4
24 2

2 91
4 7
12 0

2 61
4 3
28 9

2 23
9 3
90 6

2 21
3 3
18 2

2 22
1 1
8 8

2 68
9 0
45 6

2 94
3 6
24 8

2 92
9 6
36 7

2 16
6 6
24 9

2 11
5 0
35 2

2 17
3 1
27 7

2 5
5 0
50 0

2 57
10 5
90 4

2 41
5 6
45 9

2 29
1 6
1 6

2 43
10 6
30 4

2 35
7 8
7 1

2 40
3 3
27 8

2 32
2 5
10 9

2 44
4 4
16 5

2 88
4 3
40 5

2 42
7 7
7 1

2 21
1 3
5 6

2 34
1 6
2 2

2 83
5 9
15 1

2 52
3 0
18 7

2 11
10 3
100 5

2 23
4 4
16 4

2 77
9 3
45 7

2 74
1 0
8 8

2 64
4 4
4 4

2 19
4 9
12 3

2 16
4 1
12 2

2 18
4 0
24 9

2 81
5 9
10 4

2 48
7 2
70 2

2 30
9 8
63 7

2 1
3 2
30 8

2 52
8 2
80 4

2 10
9 0
27 3

2 65
6 4
12 9

2 8
1 9
5 7

2 19
2 4
14 5

2 83
9 2
45 8

2 15
10 5
30 0

2 21
2 1
4 9

2 60
8 2
56 7

2 93
10 8
30 1

2 7
10 1
90 3

2 96
4 3
28 8

2 39
5 6
15 4

2 53
9 7
72 4

2 83
6 2
24 0

2 92
8 3
24 2

2 33
1 8
3 4

2 15
9 6
72 1

2 46
8 4
56 8

2 18
4 9
32 1

2 87
1 7
1 1

2 9
6 5
36 2

2 8
4 0
20 1

2 26
9 5
27 9

2 92
2 2
16 4

2 30
4 5
36 5

2 7
9 5
18 5

2 95
8 4
40 9

2 55
4 8
28 1

2 51
2 2
12 7

2 37
9 7
45 3

2 45
6 3
42 5

2 49
9 1
9 1

2 5
3 2
15 7

2 45
2 5
18 8

2 22
10 3
20 6

2 2
10 5
40 0

2 24
9 5
18 0

2 54
10 6
30 4

2 97
1 3
6 3

2 33
7 2
21 5

2 90
5 3
35 4

2 59
5 9
10 6

2 15
3 1
6 6

2 83
5 4
35 4

2 64
1 8
4 8

2 53
10 3
80 6

2 38
9 8
9 7

2 37
3 8
24 2

2 57
2 1
16 4

2 28
2 5
6 3

2 23
7 6
49 6

2 6
4 9
16 3

2 17
4 2
40 2

2 27
7 7
42 2

2 72
4 7
4 7

2 64
2 7
8 5

2 87
6 4
6 6

2 56
4 5
32 0

2 1
6 7
18 7

2 84
8 2
48 4

2 11
4 0
28 1

2 70
7 7
63 7

2 57
3 1
9 7

2 98
5 2
45 6

2 35
5 9
20 9

2 23
7 5
14 9

2 46
7 0
49 7

2 10
7 1
21 7

2 100
8 8
48 8

2 87
7 7
56 1

2 76
2 4
14 7

2 83
9 0
36 6

2 49
5 7
30 3

2 59
4 7
4 0

2 100
1 3
2 4

2 44
3 4
9 2

2 65
9 8
45 4

2 24
10 7
40 7

2 61
7 8
49 2

2 11
6 7
36 0

2 52
5 9
45 7

2 25
2 2
10 6

2 5
4 1
40 7

2 5
1 6
10 7

2 76
2 6
14 6

2 98
1 9
9 6

2 89
6 1
54 5

2 27
2 6
18 6

2 86
5 9
35 7

2 6
9 7
90 8

2 32
2 2
6 9

2 85
3 2
27 4

2 21
10 7
40 3

2 56
7 9
56 7

2 39
6 9
42 3

2 44
7 6
35 6

2 27
2 0
4 4

2 19
7 8
21 8

2 63
10 1
30 4

2 71
8 1
32 4

2 97
1 4
1 5

2 33
8 8
64 5

2 6
2 9
10 6

2 73
10 8
100 4

2 48
8 7
32 7

2 28
4 0
36 7

2 44
3 0
9 6

2 77
4 2
20 7

2 57
4 6
40 4

2 28
9 5
63 3

2 81
9 8
45 0

2 64
10 6
50 1

2 57
3 8
9 9

2 82
5 3
20 6

2 94
10 2
80 5

2 96
10 6
10 2

2 29
8 2
24 3

2 92
9 2
36 2

2 97
3 9
27 1

2 58
3 3
6 7

2 90
4 0
32 7

2 56
6 3
12 0

2 78
1 3
4 1

2 53
4 7
24 5

2 93
7 7
42 0

2 30
1 7
10 5

2 31
5 1
30 1

2 55
4 5
28 7

2 71
7 1
70 7

2 6
3 4
6 9

2 46
8 6
64 6

2 84
3 9
27 3

2 16
2 9
20 5

2 12
1 3
4 4

2 74
9 5
81 5

2 91
3 2
6 4

2 33
3 8
24 8

2 40
5 9
5 7

2 31
6 2
42 2

2 18
9 4
81 9

2 59
2 4
14 8

2 99
10 5
10 0

2 58
9 5
63 5

2 29
8 3
72 1

2 97
1 4
4 3

2 1
4 2
32 4

2 7
9 3
54 4

2 71
6 5
42 1

2 38
8 9
48 8

2 80
10 7
20 6

2 52
9 8
72 6

2 62
4 8
40 5

2 26
7 6
49 9

2 57
3 5
9 8

2 17
2 7
14 5

2 63
10 9
60 5

2 53
1 8
9 5

2 26
1 9
9 0

2 14
9 3
72 0

2 33
1 0
4 0

2 24
6 7
24 4

2 12
9 3
36 9

2 60
6 8
36 2

2 33
3 6
21 6

2 77
5 5
10 4

2 48
10 8
10 0

2 10
4 3
40 8

2 58
5 3
50 5

2 12
9 4
72 9

2 23
1 4
2 3

2 35
10 0
100 7

2 78
8 7
56 0

2 6
6 6
12 2

2 74
4 3
24 9

2 95
10 8
60 9

2 70
4 9
20 9

2 61
5 1
40 0

2 33
6 2
6 1

2 54
4 8
24 3

2 1
2 2
12 0

2 77
1 9
9 2

2 39
5 7
45 9

2 54
7 2
49 6

2 72
10 5
20 3

2 86
8 7
80 8

2 11
2 0
20 4

2 21
7 1
28 7

2 65
10 1
70 1

2 43
1 3
8 7

2 84
7 4
35 6

2 9
3 1
9 6

2 4
10 3
100 5

2 6
6 4
12 3

2 16
4 2
4 2

2 60
9 3
54 9

2 74
1 7
7 0

2 11
6 5
30 0

2 67
10 4
10 3

2 83
2 9
12 7

2 19
7 0
21 5

2 62
7 8
42 6

2 58
10 3
10 6

2 21
8 8
24 8

2 49
6 7
6 7

2 47
3 4
21 0

2 93
1 2
8 5

2 33
1 9
8 2

2 78
1 2
3 5

2 3
2 5
8 4

2 85
1 4
2 7

2 37
4 1
16 4

2 32
4 5
28 4

2 38
3 9
6 3

2 46
3 8
27 7

2 44
8 2
40 1

2 48
4 4
4 4

2 31
4 0
24 8

2 77
7 5
49 9

2 48
10 6
70 7

2 91
6 3
24 7

2 20
3 0
12 3

2 44
1 4
5 0

2 79
2 6
18 4

2 23
9 7
36 0

2 7
3 5
15 5

2 50
10 4
30 5

2 92
6 6
12 6

2 46
9 3
54 5

2 68
10 1
30 0

2 1
4 1
8 6

2 3
10 7
90 3

2 50
6 4
48 1

2 25
6 3
48 4

2 77
5 0
30 9

2 46
7 2
21 7

2 100
5 2
10 8

2 47
7 0
28 1

2 100
10 5
90 0

2 55
9 6
45 5

2 72
7 2
63 6

2 44
7 8
42 1

2 17
4 6
40 3

2 45
7 0
21 5

2 91
9 2
72 6

2 27
3 2
18 7

2 83
1 7
10 1

2 1
9 6
36 4

2 78
1 9
4 8

2 83
8 2
56 7

2 65
8 4
32 7

2 51
8 2
56 8

2 48
9 9
45 8

2 58
8 9
64 5

2 53
1 6
5 8

2 28
6 5
30 9

2 73
4 3
28 2

2 78
2 3
12 1

2 2
4 2
16 4

2 91
8 4
32 7

2 62
4 0
8 1

2 13
2 4
2 7

2 82
5 5
10 8

2 20
6 9
54 8

2 54
6 2
30 7

2 8
7 0
7 1

2 67
3 9
27 4

2 55
4 8
12 0

2 78
2 8
4 5

2 88
5 2
5 1

2 41
2 9
20 1

2 85
1 7
2 8

2 100
1 0
3 6

2 70
7 4
56 7

2 41
4 5
28 1

2 60
10 2
90 5

2 83
6 1
30 8

2 66
7 1
49 5

2 35
7 7
70 9

2 46
8 7
32 3

2 81
1 1
4 3

2 33
7 8
49 4

2 37
9 0
72 9

2 70
1 2
7 9

2 21
4 0
12 1

2 45
10 5
70 2

2 57
5 7
5 7

2 98
6 3
6 5

2 67
6 7
36 3

2 40
2 0
4 2

2 9
7 7
49 6

2 85
1 7
7 9

2 18
2 8
20 5

2 25
9 1
81 1

2 46
5 3
45 4

2 27
5 2
30 2

2 61
8 8
48 4

2 83
10 0
70 8

2 69
3 1
3 4

2 87
1 4
9 7

2 8
4 4
36 2

2 66
1 3
6 1

2 65
2 4
12 0

2 86
10 4
40 8

2 38
2 6
14 8

2 32
10 3
80 2

2 23
3 4
15 2

2 56
3 8
15 0

2 88
4 3
12 7

2 94
8 7
80 4

2 91
7 1
63 2

2 41
8 7
48 9

2 1
10 5
50 4

2 36
7 5
35 0

2 11
7 2
14 0

2 39
2 0
18 2

2 77
6 0
18 8

2 85
2 7
16 0

2 9
9 9
36 4

2 75
8 1
56 5

2 43
3 8
3 5

2 76
9 8
27 5

2 64
4 6
40 7

2 90
10 6
10 5

2 83
4 7
24 4

2 2
6 5
30 9

2 34
3 7
12 3

2 55
10 9
30 2

2 30
9 1
81 2

2 89
6 2
60 4

2 76
1 4
8 3

2 67
2 1
10 1

2 93
10 8
20 5

2 93
5 8
10 2

2 27
7 3
70 5

2 63
6 6
36 2

2 89
10 0
90 1

2 49
2 6
14 6

2 82
9 6
81 9

2 93
1 0
9 8

2 69
8 5
48 2

2 65
10 2
90 9

2 40
5 7
45 8

2 89
1 1
2 1

2 11
10 3
80 5

2 15
2 7
18 5

2 55
3 7
12 2

2 80
7 1
56 3

2 56
4 1
32 1

2 100
9 7
18 2

2 63
2 5
8 8

2 83
8 6
32 0

2 70
9 3
72 7

2 37
10 6
10 4

2 12
4 5
36 5

2 17
7 3
7 1

2 7
7 5
14 7

2 53
1 0
7 2

2 87
10 9
10 1

2 77
3 0
30 8

2 50
4 3
28 8

2 30
7 5
42 3

2 32
5 5
10 3

2 16
5 0
45 2

2 15
1 7
8 6

2 98
9 8
18 9

2 81
4 0
4 7

2 62
9 9
36 8

2 85
1 6
1 5

2 2
1 3
9 0

2 89
3 0
12 4

2 26
9 0
45 2

2 62
8 8
72 5

2 47
7 4
14 1

2 77
8 3
16 9

2 31
6 3
12 4

2 13
3 1
18 7

2 55
1 5
4 3

2 93
4 2
12 9

2 7
4 3
20 1

2 79
5 7
45 7

2 24
4 4
8 6

2 75
7 2
21 5

2 87
8 1
8 3

2 44
6 3
18 6

2 39
4 4
40 8

2 53
9 8
36 7

2 62
4 2
32 5

2 17
5 3
15 9

2 6
10 6
90 0

2 51
5 5
15 7

2 5
10 3
90 5

2 36
1 3
4 8

2 76
4 6
20 9

2 39
7 8
28 0

2 41
8 4
32 1

2 33
9 1
45 7

2 23
3 6
18 4

2 86
7 4
35 4

2 67
6 5
12 1

2 86
7 2
56 5

2 41
6 3
54 8

2 69
8 4
72 0

2 100
8 3
80 0

2 85
1 2
3 0

2 26
4 3
40 9

2 100
6 3
30 4

2 53
2 5
20 7

2 37
3 0
21 9

2 9
9 3
36 9

2 100
10 8
90 6

2 24
4 4
20 1

2 46
1 3
8 5

2 9
4 8
24 8

2 7
8 0
48 4

2 94
9 9
81 1

2 88
2 5
2 7

2 62
8 9
64 5

2 37
7 6
35 1

2 16
7 8
63 3

2 21
9 0
9 6

2 4
1 5
3 9

2 76
5 5
25 9

2 94
10 1
30 1

2 30
9 7
18 4

2 61
9 3
72 7

2 48
6 5
60 7

2 42
5 7
45 4

2 86
7 8
49 2

2 28
3 1
6 6

2 5
10 6
20 1

2 6
10 3
70 5

2 80
5 3
45 5

2 79
4 2
32 4

2 1
5 3
5 9

2 47
9 6
81 1

2 33
3 8
3 4

2 1
4 7
28 4

2 9
4 3
12 7

2 77
3 1
21 4

2 39
5 7
15 9

2 95
4 2
36 1

2 6
3 8
12 5

2 26
2 5
20 2

2 32
2 1
12 7

2 21
10 4
20 0

2 23
10 1
80 3

2 51
9 5
90 6

2 56
1 1
7 2

2 54
1 9
7 7

2 69
8 9
40 5

2 58
5 8
25 1

2 100
7 7
42 6

2 5
9 6
81 1

2 13
8 0
40 6

2 39
5 4
15 0

2 6
10 3
20 7

2 87
5 1
10 5

2 64
10 7
20 8

2 10
1 6
8 2

2 88
2 8
18 2

2 88
8 6
40 0

2 2
7 0
35 6

2 46
5 8
30 5

2 84
3 8
27 5

2 96
3 9
21 5

2 16
7 0
14 5

2 95
8 5
8 2

2 78
3 4
9 9

2 90
5 3
40 0

2 7
2 9
10 4

2 69
2 7
14 0

2 6
5 5
50 0

2 97
3 2
30 5

2 91
2 0
4 4

2 98
3 8
21 5

2 93
4 7
4 8

2 44
2 2
8 1

2 89
5 0
30 1

2 45
5 4
25 5

2 26
4 8
8 3

2 27
1 1
9 5

2 6
8 3
56 8

2 59
8 1
24 3

2 18
2 6
18 1

2 83
6 1
30 6

2 18
8 5
16 5

2 73
8 9
32 6

2 62
6 6
30 6

2 21
4 5
16 2

2 47
7 0
63 8

2 24
5 9
50 0

2 35
8 0
40 5

2 92
4 5
40 8

2 47
8 1
40 2

2 95
10 2
50 1

2 42
9 2
45 7

2 39
4 9
40 0

2 98
10 7
30 2

2 59
1 2
10 1

2 72
8 3
72 8

2 24
10 6
50 2

2 1
1 4
9 2

2 34
1 1
1 9

2 52
2 0
16 5

2 64
4 3
8 2

2 93
10 1
70 5

2 17
8 7
64 8

2 62
9 5
9 6

2 75
1 6
4 6

2 74
5 6
45 7

2 4
1 5
5 5

2 8
8 9
8 6

2 60
8 0
8 3

2 61
7 3
56 9

2 80
10 8
50 5

2 13
6 6
60 6

2 28
6 4
36 8

2 48
2 7
10 7

2 74
9 8
63 3

2 27
1 6
1 8

2 94
8 9
32 8

2 7
3 1
24 3

2 58
7 4
7 5

2 97
7 5
63 8

2 47
1 1
7 9

2 11
5 0
35 9

2 100
4 4
40 8

2 26
5 6
45 5

2 17
4 7
28 7

2 86
6 2
60 3

2 45
9 5
54 2

2 43
3 6
24 5

2 50
7 4
42 5

2 1
10 0
70 8

2 18
8 0
24 4

2 19
6 6
60 6

2 11
4 3
4 2

2 98
1 5
7 4

2 48
10 6
100 0

2 50
7 0
35 0

2 29
7 2
21 6

2 53
9 8
54 1

2 97
9 6
36 2

2 37
8 2
24 8

2 97
1 0
1 6

2 97
6 3
18 7

2 74
10 9
80 6

2 6
4 9
24 7

2 44
10 6
70 1

2 64
3 7
24 1

2 57
5 2
30 3

2 57
1 9
6 6

2 5
1 6
6 6

2 11
3 3
30 8

2 71
1 2
9 9

2 26
5 1
5 6

2 75
6 7
36 7

2 68
8 8
56 1

2 52
2 9
18 4

2 36
2 4
12 7

2 8
4 7
24 8

2 68
1 1
5 3

2 50
6 8
24 2

2 99
8 5
64 0

2 31
10 7
100 9

2 19
8 6
8 8

2 8
9 7
72 6

2 76
8 1
48 9

2 19
3 9
21 9

2 48
6 5
48 8

2 51
3 1
18 6

2 46
3 8
24 4

2 34
3 1
24 9

2 1
7 0
7 1

2 32
7 0
21 2

2 80
4 9
40 4

2 46
10 5
20 2

2 31
5 2
10 0

2 82
6 7
36 1

2 91
1 7
5 6

2 54
5 9
35 2

2 33
5 7
10 7

2 79
2 7
12 8

2 35
3 6
6 2

2 16
7 8
49 8

2 75
4 8
20 9

2 18
5 6
5 1

2 50
7 1
21 9

2 12
9 1
36 4

2 96
6 0
24 9

2 78
8 8
80 1

2 3
5 9
35 3

2 54
3 2
6 6

2 90
3 9
21 7

2 63
9 6
36 2

2 25
9 0
45 5

2 46
7 3
14 1

2 73
4 9
24 2

2 31
9 1
72 7

2 23
1 8
7 1

2 34
8 9
24 7

2 38
9 0
18 2

2 72
6 2
24 5

2 17
10 4
60 3

2 35
7 1
42 2

2 98
9 0
45 9

2 61
5 6
20 9

2 28
2 9
20 4

2 84
4 8
36 9

2 34
3 9
12 0

2 38
1 9
5 9

2 43
7 2
28 5

2 92
3 3
21 8

2 20
10 3
30 3

2 38
2 5
18 7

2 75
6 2
6 7

2 56
9 6
45 0

2 71
6 3
42 2

2 42
7 1
56 0

2 74
3 4
15 0

2 12
8 7
40 9

2 76
8 6
40 7

2 51
3 1
30 6

2 82
10 6
60 6

2 63
1 5
10 4

2 48
6 8
18 9

2 62
5 3
15 7

2 85
10 5
60 3

2 89
4 0
16 5

2 80
2 3
14 4

2 54
10 9
70 6

2 85
10 6
90 5

2 68
9 7
45 2

2 15
8 9
64 1

2 50
9 8
54 9

2 10
6 4
24 8

2 94
5 9
5 4

2 26
2 5
10 4

2 74
7 2
14 7

2 3
9 7
36 8

2 51
4 9
32 7

2 29
7 0
14 5

2 66
10 0
100 1

2 14
8 6
64 9

2 12
9 9
36 9

2 97
9 5
81 3

2 72
8 5
8 0

2 16
10 0
30 8

2 22
1 0
2 8

2 24
5 6
50 2

2 75
10 0
40 0

2 85
10 2
60 3

2 43
4 1
12 5

2 92
10 3
10 6

2 80
7 0
56 9

2 58
2 6
20 3

2 8
10 5
90 9

2 92
8 8
40 4

2 16
6 6
6 7

2 21
2 1
14 3

2 71
8 2
56 0

2 64
10 2
20 6

2 87
1 4
1 2

2 17
2 9
6 4

2 98
6 9
6 1

2 80
6 7
6 4

2 14
7 0
21 6

2 47
7 5
35 9

2 87
6 0
18 4

2 71
3 8
18 7

2 1
7 0
63 8

2 53
1 1
6 3

2 53
10 1
100 8

2 92
6 9
42 6

2 79
2 7
18 5

2 37
8 2
24 8

2 80
7 2
7 5

2 37
2 3
10 5

2 60
7 5
35 6

2 28
7 5
63 1

2 71
8 0
32 2

2 9
10 2
10 7

