49 54 65 143 186 2 57 192 178 118 190 95 11 22 129 28 91 188 141 
61 19 78 67 69 99 162 96 131 79 63 116 163 72 6 177 20 52 36 
14 128 3 159 82 199 135 12 73 160 203 169 134 39 31 51 107 115 176 
94 34 84 183 90 47 121 42 124 144 77 112 149 97 136 164 127 58 43 
71 156 83 132 200 17 80 33 202 198 15 133 170 205 85 152 165 27 60 
89 146 102 154 114 40 151 207 155 140 185 108 117 4 101 113 194 119 123 
125 13 182 109 197 16 184 110 187 66 106 150 21 173 157 181 204 139 145 
29 64 111 201 5 92 180 48 37 75 55 44 206 10 104 98 172 171 59 
7 208 138 158 126 68 175 45 174 0 137 53 56 93 153 70 166 32 196 
168 100 76 62 142 30 41 23 147 191 50 179 120 86 195 26 1 87 18 
38 148 46 161 24 35 81 189 122 103 130 193 88 167 25 8 9 105 74 
